(u'2012-11-16', [62364.76599959997, 9.19, 139.0, 0.9, 2.0, 1014.76, 0.92, 8.94, 5.91, 9.11])
(u'2014-01-16', [55616.61201100002, 10.72, 191.0, 0.58, 5.01, 990.5, 0.83, 6.43, 7.27, 10.17])
(u'2013-11-16', [58534.83499300001, 9.14, 272.0, 0.35, 1.4, 1031.84, 0.87, 7.59, 1.38, 9.14])
(u'2013-06-30', [45147.12700279999, 25.17, 251.0, 0.32, 4.28, 1021.6, 0.67, 13.89, 14.92, 25.17])
(u'2013-08-06', [40768.54899940001, 22.11, 287.0, 0.41, 1.35, 1015.69, 0.68, 14.97, 12.23, 22.11])
(u'2013-09-27', [44472.99599940001, 16.99, 85.0, 0.36, 3.45, 1016.27, 0.8, 12.43, 10.58, 16.99])
(u'2013-06-20', [43769.7700003, 20.19, 102.0, 0.47, 1.34, 1012.05, 0.81, 14.11, 16.22, 20.19])
(u'2012-03-24', [12160.8220006, 18.83, 83.0, 0.08, 2.12, 1028.59, 0.74, 4.4, 6.42, 18.83])
(u'2012-10-14', [56533.088997400024, 12.32, 300.0, 0.2, 2.36, 1002.5, 0.8, 4.09, 2.81, 12.32])
(u'2012-12-16', [70541.96899770002, 9.82, 207.0, 0.39, 3.07, 999.72, 0.89, 5.62, 5.32, 9.82])
(u'2013-03-13', [65762.78399680002, 6.42, 338.0, 0.37, 3.65, 1010.59, 0.73, -0.91, 1.14, 6.42])
(u'2012-04-03', [13122.631000999998, 12.92, 262.0, 0.31, 1.72, 1003.25, 0.75, 3.57, 5.04, 12.92])
(u'2013-07-02', [44011.50899559999, 17.5, 203.0, 0.6, 3.08, 1011.64, 0.72, 14.31, 11.84, 17.5])
(u'2012-06-21', [34897.8810016, 19.08, 168.0, 0.59, 2.75, 1006.07, 0.84, 11.44, 11.52, 19.08])
(u'2012-09-04', [39716.14199950001, 24.79, 299.0, 0.42, 1.9, 1023.55, 0.77, 12.07, 13.71, 24.79])
(u'2013-10-20', [52810.99500330003, 17.04, 199.0, 0.42, 4.29, 1005.32, 0.89, 12.16, 12.16, 17.04])
(u'2012-12-19', [68504.59298979997, 7.44, 119.0, 0.52, 4.02, 1016.68, 0.92, 6.44, 3.07, 7.44])
(u'2011-12-10', [2539.3939994999996, 6.08, 247.0, 0.17, 3.08, 1015.58, 0.81, 2.48, -0.13, 6.08])
(u'2014-02-02', [60994.72999620001, 9.3, 221.0, 0.22, 4.75, 1005.39, 0.72, 4.97, 5.79, 9.3])
(u'2013-12-07', [61052.22099499999, 8.72, 250.0, 0.47, 3.71, 1026.6, 0.85, 5.09, 6.55, 8.72])
(u'2012-07-12', [38564.38699829999, 18.67, 231.0, 0.5, 3.27, 1012.07, 0.8, 13.15, 10.04, 18.67])
(u'2013-07-29', [41870.498002199995, 22.36, 216.0, 0.55, 5.42, 1011.33, 0.75, 15.77, 16.48, 22.36])
(u'2012-05-05', [24115.754004299997, 9.71, 39.0, 0.63, 4.28, 1009.49, 0.73, 5.72, 6.21, 9.71])
(u'2012-05-21', [28194.495003199998, 16.22, 348.0, 0.75, 4.53, 1009.14, 0.82, 11.44, 9.32, 16.22])
(u'2013-05-23', [47683.31199820001, 10.26, 316.0, 0.49, 4.18, 1013.55, 0.65, 5.43, 6.27, 10.26])
(u'2012-11-20', [61431.71199659998, 13.46, 182.0, 0.76, 5.74, 1008.74, 0.9, 9.73, 10.88, 13.46])
(u'2014-01-02', [57250.293997700006, 10.75, 215.0, 0.4, 4.89, 993.31, 0.82, 8.54, 6.54, 10.27])
(u'2014-02-16', [58119.273996300006, 9.98, 235.0, 0.13, 3.34, 1006.7, 0.76, 4.89, 2.34, 9.98])
(u'2012-01-01', [5123.634999299999, 12.59, 227.0, 0.58, 4.92, 1004.82, 0.9, 5.18, 7.71, 12.56])
(u'2011-12-23', [4632.386001299999, 11.44, 247.0, 0.74, 4.85, 1017.67, 0.85, 3.17, 5.28, 11.21])
(u'2013-01-06', [68459.09299700001, 8.61, 232.0, 0.67, 2.23, 1032.19, 0.96, 7.1, 6.91, 7.97])
(u'2012-11-09', [60431.92299580001, 11.27, 195.0, 0.7, 3.17, 1010.05, 0.8, 8.8, 8.13, 11.27])
(u'2013-03-05', [59026.71200459999, 16.06, 131.0, 0.12, 1.6, 1004.57, 0.74, 7.65, 1.87, 16.06])
(u'2013-02-15', [63305.89800959999, 9.76, 273.0, 0.41, 2.49, 1019.7, 0.77, 4.7, 2.27, 9.76])
(u'2013-11-22', [59391.50200409998, 7.89, 4.0, 0.27, 4.31, 1017.66, 0.76, 3.41, 3.52, 7.89])
(u'2011-12-31', [5111.2049989, 12.57, 250.0, 0.76, 5.46, 1010.02, 0.89, 11.9, 10.66, 12.17])
(u'2013-08-26', [42010.8499986, 24.32, 42.0, 0.38, 2.65, 1018.33, 0.69, 12.82, 16.37, 24.32])
(u'2012-06-08', [34180.6299983, 15.17, 221.0, 0.68, 8.64, 998.33, 0.78, 11.02, 12.28, 15.17])
(u'2013-04-02', [60916.62300080001, 7.71, 54.0, 0.2, 5.5, 1014.63, 0.57, 0.48, 0.04, 7.71])
(u'2012-03-10', [11030.655003200003, 15.39, 279.0, 0.53, 3.15, 1036.42, 0.81, 6.82, 8.74, 15.39])
(u'2012-10-20', [54573.24300270001, 14.01, 233.0, 0.61, 0.86, 1015.85, 0.91, 10.19, 9.57, 14.01])
(u'2011-11-26', [420.9759997, 12.96, 237.0, 0.44, 5.75, 1025.8, 0.81, 11.59, 7.01, 12.96])
(u'2012-10-04', [47670.627006999996, 14.99, 235.0, 0.28, 3.65, 1008.02, 0.79, 10.98, 7.19, 14.99])
(u'2012-01-17', [5956.9149997, 5.79, 171.0, 0.34, 1.43, 1027.71, 0.83, 3.58, -1.45, 5.79])
(u'2012-12-02', [75819.44400690004, 4.76, 263.0, 0.31, 2.1, 1016.35, 0.84, 1.77, -1.55, 4.76])
(u'2013-03-29', [66136.13000569996, 5.31, 55.0, 0.59, 3.52, 1010.88, 0.63, 0.94, -0.52, 5.31])
(u'2012-04-15', [16667.267001999997, 9.12, 4.0, 0.25, 4.65, 1019.5, 0.66, 1.96, 3.3, 9.12])
(u'2013-01-23', [73407.77899330002, 2.82, 76.0, 0.75, 4.23, 1007.72, 0.82, 1.22, 1.38, 2.29])
(u'2012-07-21', [38614.8490035, 19.89, 57.0, 0.36, 0.9, 1023.63, 0.7, 12.24, 11.83, 19.89])
(u'2012-09-14', [39810.699998599994, 20.69, 266.0, 0.56, 5.42, 1013.51, 0.68, 9.69, 13.61, 20.69])
(u'2013-10-30', [51565.53799720002, 13.57, 219.0, 0.33, 3.67, 1020.1, 0.8, 12.03, 4.47, 13.57])
(u'2013-03-08', [59328.963998399995, 9.61, 54.0, 0.83, 1.75, 997.56, 0.96, 5.86, 8.02, 9.61])
(u'2011-11-29', [584.3170005, 13.47, 213.0, 0.6, 6.48, 1009.7, 0.82, 6.34, 6.37, 13.47])
(u'2013-12-31', [60749.064005900014, 10.36, 185.0, 0.59, 4.72, 1004.27, 0.85, 5.77, 5.77, 10.36])
(u'2012-08-05', [41253.62400279999, 20.69, 195.0, 0.34, 2.23, 1007.24, 0.79, 14.77, 12.98, 20.69])
(u'2013-12-15', [62636.063996100005, 12.54, 207.0, 0.68, 6.12, 1019.25, 0.91, 11.64, 8.11, 12.44])
(u'2012-08-21', [37815.453998900004, 22.09, 240.0, 0.34, 2.54, 1017.69, 0.75, 13.16, 16.27, 22.09])
(u'2013-02-23', [72307.5669978, 1.74, 28.0, 0.83, 3.92, 1020.81, 0.68, 0.85, 0.19, 1.74])
(u'2012-06-18', [34255.8469993, 18.87, 248.0, 0.43, 2.39, 1016.94, 0.73, 10.1, 11.17, 18.87])
(u'2013-07-13', [42184.6340028, 29.16, 52.0, 0.11, 0.86, 1023.97, 0.67, 17.28, 15.01, 29.16])
(u'2012-02-21', [9669.364002299999, 11.65, 237.0, 0.66, 4.83, 1028.85, 0.76, 7.48, 5.72, 11.65])
(u'2012-11-17', [63549.36299999996, 12.44, 243.0, 0.65, 1.69, 1007.72, 0.88, 2.07, 8.18, 12.44])
(u'2013-07-28', [43384.0840028, 23.14, 215.0, 0.44, 5.02, 1006.68, 0.73, 16.48, 15.34, 23.14])
(u'2014-01-11', [58618.00800819999, 8.59, 263.0, 0.2, 2.68, 1018.51, 0.81, 0.38, 1.02, 8.41])
(u'2013-06-21', [43134.51299729999, 20.38, 231.0, 0.55, 3.59, 1010.05, 0.81, 12.01, 14.11, 20.38])
(u'2012-02-09', [9808.070999300002, 1.79, 50.0, 0.75, 0.84, 1039.26, 0.81, -0.75, -0.96, 1.79])
(u'2012-11-18', [66829.57899830003, 9.42, 236.0, 0.3, 0.72, 1014.66, 0.82, 3.42, 2.07, 9.42])
(u'2013-08-15', [41179.75999720001, 23.46, 225.0, 0.55, 4.44, 1018.77, 0.79, 16.98, 16.64, 23.46])
(u'2013-09-26', [44338.3369967, 18.88, 73.0, 0.51, 3.1, 1016.43, 0.79, 10.58, 13.12, 18.88])
(u'2013-08-31', [41602.57099929999, 19.87, 333.0, 0.12, 3.37, 1025.01, 0.6, 10.17, 14.22, 19.87])
(u'2013-08-07', [40310.155998500006, 21.49, 50.0, 0.37, 2.95, 1014.33, 0.64, 11.83, 14.97, 21.49])
(u'2013-04-11', [56969.85499530001, 11.3, 90.0, 0.69, 2.28, 997.1, 0.9, 7.09, 5.93, 11.3])
(u'2012-03-25', [12719.753002300002, 13.79, 70.0, 0.39, 2.58, 1033.5, 0.78, 3.84, 4.4, 13.79])
(u'2012-03-01', [9558.598999400001, 15.11, 289.0, 0.11, 1.03, 1026.15, 0.8, 5.69, 6.49, 15.11])
(u'2012-10-17', [52014.92899799998, 16.6, 178.0, 0.42, 4.66, 998.22, 0.82, 12.15, 8.8, 16.6])
(u'2012-09-08', [39235.176996199996, 27.12, 215.0, 0.14, 1.39, 1020.6, 0.62, 11.32, 10.41, 27.12])
(u'2012-12-15', [68844.37600060001, 11.17, 211.0, 0.39, 4.93, 991.49, 0.86, 5.32, 6.91, 11.17])
(u'2013-03-14', [63927.7069985, 6.56, 294.0, 0.27, 1.81, 1015.57, 0.67, 2.99, -0.91, 6.56])
(u'2012-04-02', [12586.5339954, 15.04, 289.0, 0.24, 1.14, 1011.19, 0.63, 5.04, 3.98, 15.04])
(u'2013-12-23', [61532.62899850002, 11.95, 199.0, 0.58, 8.48, 998.59, 0.84, 8.23, 5.14, 11.33])
(u'2014-02-25', [51423.50800140002, 11.43, 202.0, 0.62, 5.69, 1000.65, 0.78, 4.17, 6.79, 10.31])
(u'2013-07-01', [43296.24499970001, 19.78, 262.0, 0.44, 3.94, 1017.04, 0.63, 11.84, 13.89, 19.78])
(u'2012-06-20', [33290.997998399995, 21.16, 93.0, 0.32, 2.63, 1016.69, 0.64, 13.92, 11.47, 21.16])
(u'2012-09-05', [38868.1980005, 19.97, 5.0, 0.27, 3.26, 1026.74, 0.6, 8.67, 12.07, 19.97])
(u'2013-10-23', [47668.08099929999, 16.53, 226.0, 0.34, 5.29, 998.6, 0.8, 6.83, 9.99, 16.53])
(u'2012-12-18', [66057.0549977, 7.96, 291.0, 0.62, 2.17, 1014.41, 0.86, 3.07, 4.66, 7.96])
(u'2011-12-11', [2763.5840016, 8.59, 198.0, 0.56, 3.94, 1007.71, 0.88, 3.09, 2.48, 8.59])
(u'2014-02-17', [55073.50299680002, 10.67, 175.0, 0.56, 4.07, 1007.8, 0.83, 7.64, 4.89, 10.67])
(u'2014-01-20', [57874.559994999996, 8.44, 211.0, 0.17, 0.2, 1007.71, 0.89, 1.97, 1.3, 8.44])
(u'2014-02-01', [59243.83399659999, 9.72, 217.0, 0.19, 6.97, 990.08, 0.76, 6.24, 4.83, 8.32])
(u'2013-12-06', [59418.496997800015, 7.85, 279.0, 0.38, 3.92, 1027.65, 0.7, 6.55, 2.73, 7.85])
(u'2012-08-14', [37554.7700048, 23.97, 175.0, 0.44, 2.31, 1011.08, 0.75, 17.87, 17.62, 23.97])
(u'2013-11-23', [60714.59099909999, 7.41, 356.0, 0.46, 3.37, 1024.21, 0.82, 6.14, 3.41, 7.41])
(u'2012-05-06', [25069.8159972, 8.37, 43.0, 0.73, 2.75, 1013.88, 0.75, 5.2, 5.72, 8.37])
(u'2012-05-26', [28215.4289973, 24.64, 76.0, 0.0, 5.15, 1020.27, 0.58, 13.55, 15.06, 24.64])
(u'2013-05-22', [47299.48699280001, 14.02, 309.0, 0.74, 3.25, 1018.45, 0.7, 6.27, 9.58, 14.02])
(u'2011-12-22', [4345.060998599999, 12.14, 257.0, 0.38, 4.31, 1024.71, 0.87, 10.35, 8.08, 12.14])
(u'2012-02-16', [9230.905998700002, 10.61, 284.0, 0.51, 3.42, 1027.4, 0.74, 7.13, 5.47, 10.61])
(u'2014-01-03', [58605.624000500015, 10.49, 217.0, 0.4, 7.66, 994.51, 0.78, 7.04, 7.01, 10.14])
(u'2013-02-14', [65642.6689957, 10.59, 238.0, 0.55, 2.96, 1011.45, 0.81, 2.27, 4.07, 10.59])
(u'2011-11-27', [444.88300059999995, 13.54, 256.0, 0.42, 5.48, 1021.11, 0.72, 1.31, 4.47, 13.54])
(u'2012-01-02', [5242.199999500001, 7.57, 237.0, 0.21, 4.81, 1008.49, 0.81, 4.69, 4.69, 7.57])
(u'2012-11-08', [60465.46000549998, 12.34, 245.0, 0.64, 3.72, 1019.18, 0.78, 8.13, 7.81, 12.34])
(u'2013-01-09', [62511.5130009, 9.21, 329.0, 0.52, 0.93, 1021.19, 0.9, 1.16, 1.77, 8.93])
(u'2012-10-08', [52221.23700640001, 12.22, 88.0, 0.61, 2.49, 1015.27, 0.92, 9.07, 9.51, 12.22])
(u'2013-03-04', [62415.385994999975, 8.99, 89.0, 0.27, 3.66, 1013.74, 0.78, 1.87, 2.14, 8.99])
(u'2012-11-05', [62875.6790048, 9.19, 338.0, 0.41, 2.09, 1006.26, 0.83, 0.92, 2.94, 9.19])
(u'2013-08-27', [41429.718998799995, 22.78, 3.0, 0.23, 1.89, 1018.6, 0.69, 12.45, 12.82, 22.78])
(u'2013-09-12', [44858.8449989, 18.02, 253.0, 0.72, 1.24, 1019.29, 0.87, 15.33, 12.58, 18.02])
(u'2013-04-03', [64456.95899719999, 4.09, 43.0, 0.45, 5.84, 1017.4, 0.64, 0.98, 0.48, 4.09])
(u'2012-03-13', [10579.0040019, 10.89, 73.0, 0.79, 1.55, 1034.58, 0.86, 5.37, 6.36, 10.89])
(u'2012-08-30', [39693.9449957, 16.92, 292.0, 0.4, 2.65, 1016.19, 0.8, 7.78, 11.25, 16.92])
(u'2012-10-21', [58921.393997600026, 12.41, 41.0, 0.69, 3.37, 1018.09, 0.94, 11.6, 10.19, 12.41])
(u'2012-10-05', [48931.824004300004, 15.6, 244.0, 0.61, 3.0, 1006.96, 0.86, 7.61, 9.16, 15.49])
(u'2013-10-10', [48399.3659946, 11.82, 330.0, 0.45, 6.07, 1018.36, 0.68, 8.66, 7.6, 11.82])
(u'2012-01-16', [5832.370000499999, 6.56, 97.0, 0.23, 2.45, 1025.48, 0.74, -1.45, 0.83, 6.56])
(u'2012-12-03', [68497.72600360004, 10.22, 248.0, 0.58, 3.55, 1007.42, 0.87, 2.33, 2.94, 10.22])
(u'2013-03-28', [65159.509998099995, 4.08, 37.0, 0.5, 3.57, 1012.3, 0.66, -0.52, -0.89, 4.08])
(u'2012-04-16', [16168.6310018, 10.94, 274.0, 0.37, 0.59, 1024.8, 0.59, 5.16, 1.96, 10.94])
(u'2012-10-18', [51401.058999099994, 13.21, 88.0, 0.66, 0.51, 1007.63, 0.95, 9.57, 11.98, 13.01])
(u'2012-10-18', [51401.058999099994, 16.04, 181.0, 0.44, 4.18, 1001.82, 0.85, 11.98, 12.15, 16.04])
(u'2013-01-22', [74398.34199969997, 2.82, 85.0, 0.53, 3.44, 1001.55, 0.88, 1.38, -3.73, 2.82])
(u'2012-07-22', [39109.280996999994, 22.86, 205.0, 0.22, 3.0, 1026.73, 0.66, 12.47, 12.24, 22.86])
(u'2012-09-13', [39392.787000200005, 17.64, 274.0, 0.37, 2.92, 1018.75, 0.68, 13.61, 8.62, 17.64])
(u'2012-01-19', [5695.4889984, 11.51, 261.0, 0.56, 5.23, 1018.64, 0.85, 4.91, 6.91, 11.5])
(u'2013-10-31', [51755.8469997, 13.11, 217.0, 0.74, 4.42, 1016.56, 0.89, 11.48, 11.61, 12.59])
(u'2011-12-07', [1655.1830005000002, 9.02, 263.0, 0.29, 7.06, 1008.76, 0.68, 4.27, 4.91, 9.02])
(u'2013-11-15', [55935.808993900006, 9.25, 345.0, 0.27, 2.57, 1032.71, 0.72, 1.38, 3.33, 9.25])
(u'2012-08-04', [38825.1759994, 21.04, 195.0, 0.41, 3.97, 1010.03, 0.77, 12.98, 14.36, 21.04])
(u'2013-02-04', [63752.239008000004, 10.2, 262.0, 0.5, 6.82, 1012.2, 0.71, 2.16, 6.48, 10.16])
(u'2012-08-20', [38744.41700279999, 24.54, 231.0, 0.34, 2.78, 1019.31, 0.75, 16.27, 16.96, 24.54])
(u'2013-02-20', [64104.679008099985, 4.88, 80.0, 0.68, 4.86, 1023.08, 0.78, 1.28, 1.83, 4.88])
(u'2012-06-19', [33553.421997900004, 20.35, 225.0, 0.31, 1.97, 1019.22, 0.68, 11.47, 10.1, 20.35])
(u'2012-02-20', [10032.9250027, 8.44, 224.0, 0.33, 3.42, 1032.06, 0.7, 5.69, -1.9, 8.44])
(u'2012-02-05', [10106.111001000001, 1.81, 168.0, 0.85, 0.93, 1027.42, 0.96, 1.39, -0.12, 1.81])
(u'2012-11-14', [59098.2099802, 12.62, 113.0, 0.55, 1.86, 1026.48, 0.86, 6.64, 7.33, 12.62])
(u'2014-01-10', [57157.20899800001, 10.14, 219.0, 0.4, 3.56, 1014.26, 0.85, 7.16, 2.68, 10.14])
(u'2012-02-17', [9157.104000500001, 11.83, 251.0, 0.59, 3.64, 1023.17, 0.84, 8.17, 7.13, 11.83])
(u'2012-02-08', [10242.814000099997, 0.73, 39.0, 0.89, 3.92, 1040.92, 0.78, -0.94, -2.1, 0.73])
(u'2012-11-04', [69664.1769994, 8.67, 229.0, 0.59, 0.59, 994.21, 0.92, 2.94, 2.96, 8.67])
(u'2012-11-19', [63099.54799510001, 11.23, 179.0, 0.5, 4.13, 1011.21, 0.82, 10.79, 3.49, 11.23])
(u'2013-08-28', [41020.2450012, 23.38, 358.0, 0.37, 0.85, 1022.24, 0.69, 14.16, 12.45, 23.38])
(u'2013-09-25', [44673.781996699996, 20.87, 73.0, 0.36, 0.51, 1011.86, 0.86, 13.96, 13.67, 20.87])
(u'2013-08-30', [41254.721999699985, 24.03, 249.0, 0.31, 3.91, 1019.63, 0.64, 14.22, 15.34, 24.03])
(u'2013-09-01', [44193.868993599994, 21.07, 272.0, 0.33, 3.36, 1029.46, 0.63, 11.88, 10.17, 21.07])
(u'2013-04-10', [56071.8429982, 10.59, 94.0, 0.61, 1.07, 1003.54, 0.79, 5.93, 2.98, 10.59])
(u'2012-03-26', [12011.9020022, 18.18, 77.0, 0.15, 2.85, 1036.22, 0.71, 5.32, 3.84, 18.18])
(u'2012-03-06', [11569.9239985, 7.22, 317.0, 0.55, 1.93, 1025.17, 0.78, 4.68, 3.74, 7.22])
(u'2012-10-16', [52309.113002099984, 14.74, 226.0, 0.39, 5.37, 1000.8, 0.74, 8.8, 9.06, 14.74])
(u'2013-10-07', [46587.5649935, 18.57, 234.0, 0.47, 2.43, 1025.51, 0.87, 13.36, 10.37, 18.57])
(u'2012-09-09', [40934.07500069999, 27.78, 202.0, 0.22, 2.97, 1011.85, 0.67, 16.93, 11.32, 27.78])
(u'2012-12-14', [72310.52900160002, 10.34, 168.0, 0.71, 4.22, 985.82, 0.92, 7.54, 1.93, 10.34])
(u'2013-03-15', [62880.41100110002, 8.27, 207.0, 0.65, 5.82, 1007.6, 0.81, 6.36, 2.99, 8.27])
(u'2012-04-01', [13271.9559999, 12.88, 342.0, 0.25, 1.15, 1020.81, 0.61, 3.98, 2.43, 12.88])
(u'2012-04-25', [20039.3240011, 11.94, 157.0, 0.57, 5.44, 988.28, 0.88, 9.23, 6.55, 11.94])
(u'2013-12-22', [60987.87500060001, 10.07, 234.0, 0.25, 5.66, 1009.77, 0.73, 4.81, 4.81, 10.07])
(u'2012-06-27', [34593.2529999, 22.66, 232.0, 0.57, 2.94, 1017.53, 0.82, 17.11, 17.56, 22.66])
(u'2012-09-06', [38445.31200069999, 20.76, 233.0, 0.46, 1.88, 1028.3, 0.67, 11.46, 8.67, 20.76])
(u'2013-10-22', [48383.39299960002, 18.03, 180.0, 0.44, 4.84, 997.55, 0.86, 13.79, 13.79, 18.03])
(u'2012-09-26', [46323.0700009, 15.14, 169.0, 0.39, 2.57, 992.07, 0.88, 10.57, 10.07, 15.14])
(u'2011-12-12', [2581.6229997999994, 9.82, 221.0, 0.38, 5.02, 1002.47, 0.84, 6.88, 3.09, 8.53])
(u'2013-01-08', [61974.08000079999, 11.23, 218.0, 0.76, 3.71, 1024.17, 0.87, 8.46, 9.02, 11.23])
(u'2013-11-04', [53570.75400369998, 9.98, 319.0, 0.29, 2.94, 991.64, 0.82, 4.41, 4.78, 9.98])
(u'2012-08-15', [38538.0440006, 22.57, 146.0, 0.26, 2.67, 1006.5, 0.77, 16.02, 17.38, 22.57])
(u'2013-11-20', [61145.562999, 6.38, 263.0, 0.52, 3.41, 1003.95, 0.85, 3.12, -1.27, 6.38])
(u'2012-08-31', [38564.847002200004, 17.72, 321.0, 0.33, 3.21, 1028.62, 0.6, 13.11, 7.78, 17.72])
(u'2012-05-27', [29319.493997900005, 25.98, 83.0, 0.13, 3.3, 1018.48, 0.56, 13.89, 13.55, 25.98])
(u'2011-11-30', [669.827, 11.87, 205.0, 0.31, 4.43, 1019.43, 0.78, 9.44, 6.34, 11.87])
(u'2013-06-17', [43902.5029975, 20.4, 69.0, 0.5, 4.6, 1014.05, 0.66, 13.33, 12.87, 20.4])
(u'2013-06-01', [45397.03100039999, 17.34, 334.0, 0.38, 3.35, 1022.85, 0.65, 9.72, 10.77, 17.34])
(u'2014-01-21', [57671.69000410002, 7.66, 157.0, 0.37, 2.19, 1010.13, 0.89, 5.76, 1.97, 7.66])
(u'2012-05-19', [27948.343999700002, 16.42, 254.0, 0.65, 0.61, 1009.32, 0.78, 9.06, 10.59, 16.42])
(u'2012-02-18', [9560.5260024, 10.76, 249.0, 0.53, 5.95, 1012.6, 0.79, 2.04, 3.2, 10.76])
(u'2013-12-09', [57465.231998, 11.01, 227.0, 0.32, 2.69, 1028.84, 0.89, 2.06, 5.06, 11.01])
(u'2012-01-03', [5327.0109997, 12.41, 234.0, 0.48, 8.47, 1003.23, 0.82, 5.27, 5.96, 12.41])
(u'2013-03-03', [69283.3339932, 7.83, 89.0, 0.58, 2.2, 1023.52, 0.8, 2.14, -1.14, 7.83])
(u'2013-11-30', [59138.12399719997, 8.38, 330.0, 0.5, 3.68, 1027.3, 0.73, 2.43, 3.53, 8.38])
(u'2013-04-24', [45813.84900050001, 19.35, 234.0, 0.33, 3.03, 1023.67, 0.74, 11.38, 9.45, 19.35])
(u'2013-09-13', [46239.58899609999, 18.09, 255.0, 1.0, 0.97, 1017.09, 0.95, 9.3, 14.78, 18.09])
(u'2013-08-04', [42674.848001200015, 22.98, 209.0, 0.43, 4.52, 1019.02, 0.7, 17.05, 14.79, 22.98])
(u'2012-03-12', [10361.4270008, 13.86, 355.0, 0.41, 1.02, 1035.0, 0.87, 6.4, 5.43, 13.86])
(u'2013-01-18', [77294.2540031, 1.33, 112.0, 0.67, 5.2, 1004.05, 0.85, -0.81, -1.93, -0.81])
(u'2012-10-22', [55361.00400470001, 14.73, 51.0, 0.9, 2.57, 1019.88, 0.98, 12.51, 12.02, 14.73])
(u'2012-10-22', [55361.00400470001, 14.05, 14.0, 0.88, 2.3, 1023.66, 0.96, 13.08, 12.46, 13.51])
(u'2014-02-24', [51994.547004099986, 14.23, 183.0, 0.5, 5.02, 1005.19, 0.74, 8.25, 7.99, 14.23])
(u'2013-10-11', [51432.26400170001, 13.16, 13.0, 0.77, 5.86, 1017.55, 0.86, 9.39, 8.66, 13.16])
(u'2012-01-15', [6162.3379973, 6.27, 105.0, 0.32, 3.03, 1024.8, 0.78, 0.83, 1.16, 6.27])
(u'2012-05-07', [24799.333000000002, 14.48, 160.0, 0.52, 2.54, 1014.29, 0.82, 10.43, 5.2, 14.48])
(u'2012-12-04', [67807.8209957, 7.73, 266.0, 0.21, 4.36, 1003.4, 0.82, -0.77, 1.21, 7.73])
(u'2012-12-28', [64881.78700479999, 12.34, 207.0, 0.7, 4.78, 1016.76, 0.89, 11.46, 5.45, 12.28])
(u'2012-04-17', [16977.2919989, 13.77, 213.0, 0.42, 4.94, 1002.45, 0.71, 6.27, 5.16, 13.77])
(u'2013-01-21', [75034.14599209999, 1.17, 196.0, 0.68, 1.22, 994.61, 0.9, -3.73, -1.98, 1.17])
(u'2012-07-23', [37942.49200150001, 27.18, 209.0, 0.19, 3.21, 1023.04, 0.58, 14.21, 12.47, 27.18])
(u'2013-08-14', [40704.04899760001, 22.04, 231.0, 0.39, 2.79, 1022.81, 0.78, 16.16, 11.04, 22.04])
(u'2012-09-12', [39515.053996500006, 17.92, 254.0, 0.34, 3.93, 1014.64, 0.72, 8.62, 8.24, 17.92])
(u'2012-01-18', [5806.301000799999, 11.92, 224.0, 0.76, 4.2, 1023.93, 0.93, 10.48, 4.51, 11.92])
(u'2011-12-06', [1540.891, 6.91, 245.0, 0.34, 4.79, 1007.32, 0.83, 5.16, 2.68, 6.91])
(u'2012-10-09', [49964.16199600001, 14.23, 57.0, 0.58, 2.66, 1015.96, 0.82, 7.04, 9.07, 14.23])
(u'2013-11-14', [55190.89400639999, 9.62, 294.0, 0.32, 4.6, 1023.75, 0.74, 4.65, 5.18, 9.62])
(u'2014-02-18', [54006.526989599995, 10.13, 201.0, 0.57, 3.06, 1008.67, 0.87, 5.19, 5.85, 10.13])
(u'2013-02-05', [65876.34000340001, 6.44, 257.0, 0.48, 7.3, 1000.03, 0.73, 3.48, 2.16, 5.36])
(u'2012-08-23', [37263.346996199994, 22.04, 231.0, 0.37, 2.6, 1014.56, 0.7, 14.07, 12.96, 22.04])
(u'2013-02-21', [68642.45800190001, 2.28, 79.0, 0.8, 5.58, 1023.97, 0.59, 0.2, 0.86, 2.28])
(u'2011-12-09', [2163.8099996999995, 7.68, 255.0, 0.15, 5.65, 1010.6, 0.71, -0.13, 2.03, 7.68])
(u'2013-05-16', [47418.224998299986, 15.13, 135.0, 0.36, 1.64, 999.92, 0.74, 7.2, 4.17, 15.13])
(u'2012-02-04', [9607.7219949, 0.79, 163.0, 0.58, 2.13, 1036.05, 0.8, -0.81, -3.27, 0.79])
(u'2012-11-15', [60495.33598580001, 9.07, 101.0, 0.71, 0.62, 1022.69, 0.92, 5.91, 6.45, 9.07])
(u'2014-01-13', [57754.66199649999, 9.72, 207.0, 0.37, 4.0, 1005.09, 0.83, 2.05, 5.42, 9.01])
(u'2013-08-17', [42201.61299939999, 20.22, 219.0, 0.57, 5.13, 1012.65, 0.82, 15.92, 14.12, 20.22])
(u'2012-08-16', [37880.940997100006, 21.67, 197.0, 0.42, 4.22, 1014.08, 0.71, 17.92, 16.02, 21.67])
(u'2012-11-07', [62124.395995499995, 9.93, 247.0, 0.47, 4.2, 1024.32, 0.86, 7.81, 4.97, 9.93])
(u'2013-06-19', [42883.3100023, 25.56, 31.0, 0.31, 0.95, 1014.65, 0.76, 16.22, 15.81, 25.56])
(u'2013-09-24', [44462.88600290001, 21.47, 93.0, 0.17, 1.18, 1016.64, 0.89, 13.67, 11.53, 21.47])
(u'2013-06-16', [47121.38500119999, 17.34, 216.0, 0.42, 3.05, 1013.64, 0.71, 12.87, 11.46, 17.34])
(u'2013-04-13', [56807.5439974, 11.42, 195.0, 0.57, 4.42, 1011.09, 0.87, 10.92, 4.92, 11.29])
(u'2012-03-27', [11643.882998399999, 18.26, 76.0, 0.14, 2.09, 1036.33, 0.53, 4.88, 5.32, 18.26])
(u'2012-03-07', [11456.440994499999, 10.75, 242.0, 0.46, 4.26, 1017.5, 0.78, 3.26, 5.14, 10.75])
(u'2013-04-25', [44623.7759995, 22.08, 231.0, 0.27, 3.2, 1020.93, 0.72, 7.05, 11.38, 22.08])
(u'2013-04-25', [44623.7759995, 13.28, 329.0, 0.51, 3.42, 1015.24, 0.65, 4.02, 7.05, 12.06])
(u'2013-10-06', [48815.6829929, 19.19, 237.0, 0.41, 1.53, 1025.61, 0.82, 10.37, 8.76, 19.19])
(u'2013-08-05', [42316.673994300014, 22.72, 190.0, 0.54, 3.13, 1012.36, 0.76, 12.23, 16.23, 22.72])
(u'2012-01-04', [5351.2790004, 9.33, 253.0, 0.49, 7.98, 1014.07, 0.78, 8.16, 5.27, 8.21])
(u'2012-01-28', [7405.8480011, 6.46, 359.0, 0.57, 2.56, 1027.99, 0.86, 1.87, 3.27, 6.46])
(u'2012-04-24', [18690.7389993, 12.48, 329.0, 0.57, 2.91, 996.88, 0.76, 6.55, 6.99, 12.48])
(u'2013-12-21', [61953.62900399999, 11.95, 213.0, 0.86, 8.91, 1012.62, 0.86, 7.96, 9.41, 11.95])
(u'2012-05-18', [27501.353999000003, 15.77, 105.0, 0.46, 2.19, 1004.51, 0.77, 11.84, 9.11, 15.77])
(u'2013-07-07', [44335.07499510001, 27.28, 71.0, 0.12, 2.5, 1031.56, 0.66, 14.99, 14.99, 27.28])
(u'2012-06-26', [34439.920000100006, 22.92, 209.0, 0.56, 2.82, 1019.93, 0.69, 17.56, 14.04, 22.92])
(u'2013-10-09', [46528.1420045, 16.48, 287.0, 0.55, 3.89, 1019.97, 0.76, 7.6, 9.04, 16.48])
(u'2012-09-07', [38285.1839998, 25.76, 249.0, 0.18, 2.97, 1024.47, 0.63, 10.41, 11.46, 25.76])
(u'2011-12-08', [1924.6999996999996, 12.89, 234.0, 0.53, 7.01, 1010.84, 0.81, 3.76, 4.27, 12.89])
(u'2012-09-27', [46087.90000299999, 16.61, 301.0, 0.48, 2.17, 1006.39, 0.82, 9.03, 10.57, 16.61])
(u'2011-12-13', [2678.4680001999996, 12.08, 233.0, 0.42, 7.44, 990.27, 0.75, 4.16, 4.54, 8.48])
(u'2013-11-05', [55565.395000799996, 12.39, 255.0, 0.56, 3.96, 994.74, 0.83, 9.31, 4.41, 12.39])
(u'2014-01-22', [56392.127000899985, 10.02, 196.0, 0.69, 2.13, 1006.71, 0.87, 3.35, 6.12, 10.02])
(u'2013-11-21', [60056.188006600016, 7.91, 13.0, 0.48, 4.83, 1004.26, 0.78, 3.52, 3.12, 7.91])
(u'2012-09-28', [46318.78099850001, 17.07, 227.0, 0.39, 4.08, 1012.91, 0.85, 8.74, 9.03, 17.07])
(u'2013-05-20', [48351.19599910001, 16.22, 357.0, 0.79, 4.21, 1015.56, 0.78, 10.1, 12.01, 13.49])
(u'2013-05-20', [48351.19599910001, 16.87, 335.0, 0.81, 3.7, 1011.37, 0.84, 12.44, 11.38, 16.77])
(u'2012-02-14', [9734.700997400001, 8.42, 325.0, 0.57, 4.34, 1024.57, 0.76, 6.88, 4.54, 8.42])
(u'2013-12-18', [57742.60800359999, 10.29, 194.0, 0.64, 5.85, 1007.83, 0.88, 5.14, 5.01, 10.27])
(u'2013-05-09', [46730.8420009, 14.28, 214.0, 0.47, 7.13, 1008.69, 0.71, 10.18, 7.28, 14.28])
(u'2013-06-02', [46771.587002600005, 18.83, 351.0, 0.27, 2.4, 1028.53, 0.59, 7.24, 9.72, 18.83])
(u'2012-02-19', [10151.216999900002, 6.35, 304.0, 0.17, 3.81, 1024.14, 0.64, -1.9, 0.62, 6.35])
(u'2012-01-14', [5924.8750006, 6.01, 86.0, 0.14, 0.99, 1030.1, 0.86, 1.16, -1.79, 6.01])
(u'2013-12-08', [61864.45200950001, 11.24, 241.0, 0.35, 4.56, 1025.35, 0.83, 6.01, 5.09, 11.24])
(u'2012-12-13', [73645.92000399999, 1.58, 78.0, 0.6, 2.09, 1005.66, 0.87, 0.82, -1.35, 1.58])
(u'2013-09-10', [45710.3169988, 16.65, 312.0, 0.64, 4.22, 1020.2, 0.77, 12.47, 9.38, 16.65])
(u'2013-04-01', [64764.99600130001, 5.88, 68.0, 0.57, 5.5, 1011.52, 0.64, 0.04, 1.1, 5.88])
(u'2012-03-15', [11024.7819983, 16.79, 205.0, 0.32, 1.41, 1024.51, 0.82, 8.5, 2.82, 16.79])
(u'2014-02-27', [51678.1859978, 10.31, 224.0, 0.32, 4.14, 1007.02, 0.74, 3.43, 3.93, 10.31])
(u'2013-10-12', [49981.299996600006, 14.17, 49.0, 0.43, 2.36, 1018.13, 0.83, 8.46, 8.46, 14.17])
(u'2013-01-19', [80900.96299750003, 0.85, 57.0, 0.84, 4.16, 997.28, 0.86, -0.93, -0.65, 0.85])
(u'2012-12-05', [70407.5219963, 3.89, 311.0, 0.39, 3.05, 1008.05, 0.84, -2.82, -0.77, 3.89])
(u'2012-12-29', [64371.362993400006, 11.97, 204.0, 0.59, 7.6, 1004.18, 0.83, 5.44, 7.28, 11.48])
(u'2012-04-18', [17798.1860032, 10.01, 174.0, 0.6, 5.1, 982.22, 0.87, 6.47, 6.27, 10.01])
(u'2013-01-20', [82650.49200249999, 0.08, 18.0, 0.85, 3.18, 994.89, 0.91, -0.86, -1.45, -0.21])
(u'2012-07-24', [37556.1660006, 28.32, 154.0, 0.02, 0.87, 1018.25, 0.58, 15.74, 14.21, 28.32])
(u'2012-09-11', [39250.80599549999, 17.82, 261.0, 0.37, 4.84, 1012.33, 0.62, 8.24, 11.73, 17.82])
(u'2012-06-12', [36505.28, 12.87, 9.0, 0.8, 3.69, 1008.62, 0.83, 7.54, 10.46, 12.87])
(u'2011-12-05', [1336.8240004000002, 6.87, 254.0, 0.2, 5.57, 1006.01, 0.77, 2.68, 2.81, 6.87])
(u'2013-03-02', [66947.84000430003, 4.69, 38.0, 0.66, 2.02, 1027.67, 0.72, -1.14, 0.63, 4.69])
(u'2011-12-29', [4882.257999299999, 9.58, 258.0, 0.45, 6.83, 1020.47, 0.76, 5.33, 5.31, 9.58])
(u'2012-05-24', [27115.151001399994, 25.45, 43.0, 0.31, 1.93, 1025.75, 0.78, 15.81, 15.36, 25.45])
(u'2014-02-19', [53458.515000600004, 10.13, 228.0, 0.64, 3.29, 1011.57, 0.87, 8.56, 5.19, 10.13])
(u'2013-02-06', [67198.9669927, 6.16, 331.0, 0.61, 6.04, 1006.64, 0.75, 1.24, 2.86, 5.67])
(u'2012-08-22', [37369.13599940001, 21.48, 248.0, 0.34, 4.6, 1017.28, 0.72, 12.96, 13.16, 21.48])
(u'2013-02-26', [68637.8210034, 4.93, 41.0, 0.86, 4.34, 1032.15, 0.91, 2.33, 2.98, 4.93])
(u'2013-08-29', [40691.38399800001, 23.19, 257.0, 0.31, 2.75, 1021.8, 0.56, 15.34, 14.16, 23.19])
(u'2013-03-16', [66099.5049969, 7.51, 186.0, 0.69, 6.75, 996.08, 0.85, 3.17, 5.79, 7.33])
(u'2013-05-17', [49470.95599340002, 11.3, 27.0, 0.6, 2.35, 1005.87, 0.76, 9.12, 7.2, 11.3])
(u'2012-02-07', [9259.8050038, 2.63, 66.0, 0.58, 2.66, 1039.95, 0.75, -2.83, -2.83, 2.63])
(u'2012-11-12', [63047.06299770002, 12.18, 204.0, 0.5, 3.06, 1020.98, 0.92, 10.06, 4.52, 12.06])
(u'2014-01-12', [64820.129997700016, 8.91, 147.0, 0.46, 3.25, 1016.63, 0.9, 5.42, 0.38, 7.06])
(u'2013-05-18', [49077.079997900015, 14.56, 293.0, 0.59, 1.94, 1008.08, 0.67, 8.91, 9.12, 14.56])
(u'2013-06-03', [43445.218998000004, 18.66, 62.0, 0.26, 2.84, 1031.47, 0.66, 7.64, 7.24, 18.66])
(u'2012-10-31', [59751.244995600005, 12.36, 185.0, 0.49, 5.32, 989.93, 0.79, 6.85, 6.45, 12.36])
(u'2012-02-15', [9464.2569981, 10.61, 317.0, 0.59, 5.39, 1025.18, 0.73, 5.47, 6.93, 10.61])
(u'2013-09-03', [42119.39699849999, 23.92, 238.0, 0.33, 0.5, 1027.04, 0.76, 14.09, 14.04, 23.92])
(u'2013-10-08', [45642.46199840002, 19.62, 250.0, 0.55, 3.13, 1024.75, 0.85, 13.51, 13.36, 19.62])
(u'2012-03-20', [11728.8880043, 14.48, 259.0, 0.34, 2.42, 1034.75, 0.72, 8.79, 4.33, 14.48])
(u'2012-09-29', [46971.2729997, 15.83, 270.0, 0.17, 3.36, 1017.85, 0.75, 6.42, 8.71, 15.83])
(u'2012-03-04', [11645.9329997, 9.32, 270.0, 0.65, 2.19, 1016.56, 0.9, 4.04, 3.92, 9.32])
(u'2012-12-26', [64350.884998700014, 10.18, 230.0, 0.39, 5.05, 1004.15, 0.88, 6.42, 4.83, 10.18])
(u'2013-10-05', [47665.252993199996, 17.94, 279.0, 0.49, 1.58, 1019.72, 0.87, 8.76, 13.67, 17.94])
(u'2013-04-12', [55958.521000199995, 11.51, 227.0, 0.54, 3.04, 997.53, 0.87, 4.92, 7.09, 11.51])
(u'2013-10-29', [51495.448997399995, 12.38, 256.0, 0.25, 4.77, 1010.58, 0.77, 4.47, 6.86, 12.38])
(u'2012-01-05', [5409.040999900001, 11.46, 283.0, 0.47, 9.49, 1004.74, 0.7, 4.4, 7.34, 11.04])
(u'2013-03-17', [68196.73700089999, 7.3, 192.0, 0.64, 2.1, 990.34, 0.88, -0.22, 2.36, 7.3])
(u'2013-08-16', [41462.1129986, 21.66, 215.0, 0.51, 3.86, 1015.02, 0.84, 14.12, 16.98, 21.66])
(u'2012-08-17', [37000.17200140002, 27.23, 175.0, 0.45, 3.71, 1013.84, 0.63, 20.54, 17.92, 27.23])
(u'2012-04-27', [19492.9649986, 10.03, 37.0, 0.74, 4.9, 1014.81, 0.92, 5.99, 6.46, 9.59])
(u'2012-04-27', [19492.9649986, 14.84, 213.0, 0.49, 4.14, 1009.84, 0.77, 8.31, 9.28, 14.84])
(u'2013-12-20', [58721.900993100004, 10.42, 219.0, 0.36, 5.52, 1018.73, 0.79, 9.41, 2.63, 9.69])
(u'2013-07-06', [42522.758001999995, 26.47, 113.0, 0.12, 1.34, 1029.5, 0.63, 14.99, 13.48, 26.47])
(u'2012-06-25', [34570.67000249999, 21.15, 270.0, 0.36, 2.35, 1017.44, 0.7, 14.04, 12.11, 21.15])
(u'2013-06-18', [43804.633996000004, 20.33, 85.0, 0.4, 0.97, 1014.27, 0.78, 15.81, 13.33, 20.33])
(u'2012-06-01', [30278.769000700006, 20.08, 320.0, 0.63, 0.84, 1019.08, 0.78, 12.17, 13.98, 20.08])
(u'2012-09-24', [47379.1679973, 15.2, 212.0, 0.66, 2.53, 989.47, 0.88, 9.74, 11.51, 15.2])
(u'2013-08-02', [42222.8820014, 24.64, 214.0, 0.42, 3.89, 1008.75, 0.71, 15.36, 17.41, 24.64])
(u'2012-11-29', [66709.28500369999, 5.84, 320.0, 0.36, 3.2, 1012.58, 0.83, -0.89, 1.63, 5.84])
(u'2013-06-15', [46185.26000200001, 16.27, 228.0, 0.42, 6.04, 1008.6, 0.74, 11.46, 11.01, 16.27])
(u'2011-12-14', [2875.1240002, 5.92, 228.0, 0.36, 4.48, 994.48, 0.79, 4.08, 4.14, 5.81])
(u'2013-02-19', [62275.98999319999, 10.12, 4.0, 0.11, 0.4, 1019.55, 0.79, 1.93, -1.43, 10.12])
(u'2014-01-23', [57338.30000490001, 8.44, 270.0, 0.32, 3.98, 1012.39, 0.82, 2.76, 3.35, 8.44])
(u'2013-11-26', [58795.51199989999, 7.23, 315.0, 0.47, 2.17, 1038.71, 0.72, 5.78, 2.93, 7.23])
(u'2012-05-01', [20052.4620024, 17.24, 81.0, 0.61, 1.85, 1015.82, 0.84, 9.98, 11.28, 17.24])
(u'2012-05-25', [27570.6719988, 24.14, 69.0, 0.09, 4.88, 1023.35, 0.64, 15.06, 15.81, 24.14])
(u'2013-05-05', [47278.42600160001, 17.79, 243.0, 0.36, 2.26, 1021.76, 0.68, 10.48, 6.87, 17.79])
(u'2012-11-06', [63705.30899850001, 9.67, 257.0, 0.33, 3.58, 1020.29, 0.87, 4.97, 0.92, 9.67])
(u'2013-05-08', [45673.53899860001, 16.81, 209.0, 0.52, 3.21, 1007.4, 0.77, 7.28, 11.33, 16.81])
(u'2012-03-19', [11840.916997200004, 13.27, 267.0, 0.17, 2.68, 1032.01, 0.68, 4.33, 1.69, 13.27])
(u'2013-10-13', [57096.842991500016, 11.47, 281.0, 0.58, 3.78, 1010.8, 0.92, 8.62, 8.87, 11.47])
(u'2013-09-11', [46326.0059972, 16.49, 322.0, 0.75, 4.01, 1020.96, 0.77, 12.58, 12.47, 16.49])
(u'2013-12-19', [58491.814004499975, 9.7, 229.0, 0.36, 3.99, 1002.06, 0.78, 2.63, 3.68, 8.19])
(u'2013-11-06', [54372.99599889999, 14.87, 231.0, 0.62, 4.86, 999.46, 0.88, 9.31, 9.31, 14.79])
(u'2012-12-12', [73306.04200679998, 1.8, 155.0, 0.45, 0.73, 1020.51, 0.91, -1.35, -3.83, 1.8])
(u'2012-07-28', [38424.99699480001, 21.09, 296.0, 0.44, 2.52, 1010.56, 0.55, 10.97, 14.93, 21.09])
(u'2014-02-26', [50943.30599459999, 11.29, 227.0, 0.26, 3.82, 1012.73, 0.73, 6.01, 4.17, 11.29])
(u'2012-01-13', [5459.921997899999, 6.41, 328.0, 0.16, 1.61, 1032.84, 0.83, -1.79, 1.2, 6.41])
(u'2012-12-06', [71895.78600869999, 4.84, 212.0, 0.43, 3.07, 1013.58, 0.84, 2.99, -2.82, 4.13])
(u'2013-03-01', [65543.8339955, 6.62, 37.0, 0.83, 3.77, 1029.18, 0.78, 2.58, 2.58, 6.62])
(u'2013-04-06', [59935.852998100025, 9.87, 35.0, 0.23, 2.75, 1023.34, 0.63, -1.21, 0.64, 9.87])
(u'2013-03-25', [71061.80299770001, 1.81, 55.0, 0.68, 5.95, 1014.28, 0.65, 0.77, 0.71, 1.81])
(u'2012-04-19', [18145.623002199998, 9.93, 256.0, 0.67, 3.78, 984.05, 0.91, 5.34, 6.47, 9.93])
(u'2012-01-29', [7826.682997, 4.5, 45.0, 0.77, 1.62, 1030.78, 0.89, 1.24, 1.87, 4.5])
(u'2013-01-27', [71041.52099319999, 10.26, 227.0, 0.43, 6.6, 997.84, 0.77, 3.02, 4.72, 10.26])
(u'2012-07-25', [37967.35499760002, 29.37, 68.0, 0.2, 0.81, 1016.59, 0.57, 15.93, 15.74, 29.37])
(u'2012-09-10', [40549.214999899996, 20.21, 216.0, 0.59, 5.69, 1010.15, 0.78, 14.77, 16.93, 20.21])
(u'2012-05-28', [28499.856002599994, 25.58, 264.0, 0.21, 0.71, 1017.75, 0.62, 14.25, 13.89, 25.58])
(u'2012-06-13', [27945.085997500013, 17.51, 123.0, 0.32, 1.01, 1016.35, 0.67, 8.7, 7.54, 17.51])
(u'2012-03-14', [10772.662998599999, 12.41, 108.0, 0.54, 2.03, 1031.31, 0.8, 2.82, 5.03, 12.41])
(u'2011-12-04', [1337.9440002000001, 9.11, 254.0, 0.36, 4.31, 1001.15, 0.82, 2.81, 4.69, 9.11])
(u'2011-12-28', [4562.9839984, 11.19, 239.0, 0.46, 6.02, 1021.31, 0.77, 5.31, 5.95, 11.19])
(u'2012-08-09', [37950.27000109998, 25.92, 48.0, 0.27, 0.52, 1025.62, 0.69, 14.5, 13.33, 25.92])
(u'2013-02-07', [67113.2819971, 5.53, 299.0, 0.39, 3.57, 1017.82, 0.71, 0.81, 1.24, 5.53])
(u'2012-08-25', [38687.287998700005, 20.93, 222.0, 0.52, 3.94, 1001.05, 0.88, 14.26, 15.04, 20.93])
(u'2013-02-27', [65828.7679986, 6.11, 38.0, 0.69, 4.4, 1034.17, 0.83, 2.41, 2.33, 6.11])
(u'2013-05-14', [49880.208002999985, 10.94, 199.0, 0.67, 3.97, 1003.62, 0.8, 7.0, 7.36, 10.94])
(u'2012-02-06', [9200.583, 4.08, 94.0, 0.79, 0.56, 1033.06, 0.92, 1.06, 1.39, 4.08])
(u'2012-11-13', [59186.071999200016, 14.66, 203.0, 0.54, 3.23, 1026.29, 0.88, 10.47, 10.06, 14.66])
(u'2013-05-19', [49511.2390027, 17.85, 32.0, 0.32, 2.12, 1011.12, 0.7, 11.38, 8.91, 17.85])
(u'2012-03-08', [10936.796995199997, 12.03, 275.0, 0.29, 3.54, 1030.58, 0.68, 6.74, 3.26, 12.03])
(u'2012-10-30', [59652.29800240001, 10.92, 259.0, 0.45, 2.37, 1004.48, 0.84, 6.45, 5.57, 10.92])
(u'2012-02-12', [11115.044001, 4.84, 307.0, 0.59, 1.78, 1034.52, 0.88, 1.09, -4.46, 4.84])
(u'2012-07-19', [38509.469997100015, 20.18, 267.0, 0.48, 4.41, 1010.4, 0.73, 13.12, 13.77, 20.18])
(u'2013-04-15', [50261.00399549998, 15.43, 220.0, 0.42, 5.4, 1016.86, 0.72, 9.63, 10.08, 15.43])
(u'2012-03-21', [11657.079000099997, 15.62, 70.0, 0.47, 1.87, 1034.03, 0.67, 6.14, 7.44, 15.62])
(u'2012-03-05', [11101.2879981, 9.37, 318.0, 0.48, 8.01, 1021.21, 0.64, 3.74, 4.04, 9.37])
(u'2013-07-21', [43476.16199810001, 26.03, 70.0, 0.51, 3.44, 1019.71, 0.71, 17.21, 16.84, 26.03])
(u'2012-06-29', [34444.35199770001, 20.96, 213.0, 0.44, 6.24, 1004.93, 0.75, 15.29, 13.96, 20.96])
(u'2013-10-04', [45333.31800080002, 20.82, 208.0, 0.62, 4.04, 1009.01, 0.87, 13.67, 15.23, 20.82])
(u'2013-10-28', [51343.96400549999, 16.06, 234.0, 0.49, 7.68, 992.5, 0.81, 7.67, 9.0, 13.97])
(u'2012-01-06', [5380.4000012, 9.18, 274.0, 0.45, 3.93, 1023.65, 0.78, 8.08, 4.4, 8.08])
(u'2013-03-18', [64057.64000570001, 7.35, 87.0, 0.5, 0.73, 991.02, 0.91, 3.33, -0.22, 7.35])
(u'2013-08-11', [42357.6160018, 22.76, 261.0, 0.45, 3.8, 1018.13, 0.62, 13.57, 15.42, 22.76])
(u'2012-04-26', [19379.384000300004, 13.89, 208.0, 0.56, 7.61, 993.73, 0.77, 9.28, 9.23, 13.89])
(u'2013-12-27', [59522.737996399985, 10.99, 214.0, 0.37, 7.86, 986.81, 0.75, 4.27, 7.47, 10.41])
(u'2013-07-05', [42417.82800019999, 24.62, 116.0, 0.29, 0.63, 1028.43, 0.65, 13.48, 12.63, 24.62])
(u'2012-06-24', [37537.68899660001, 19.88, 248.0, 0.54, 4.44, 1012.31, 0.77, 12.11, 11.65, 19.88])
(u'2013-01-12', [71923.9179981, 4.53, 90.0, 0.57, 4.76, 1012.97, 0.83, 2.12, 1.75, 4.53])
(u'2012-09-25', [45504.7360041, 15.47, 203.0, 0.28, 4.92, 988.79, 0.78, 10.07, 9.74, 15.47])
(u'2011-12-15', [3101.3840014, 7.97, 234.0, 0.42, 4.71, 996.75, 0.77, 1.8, 4.08, 7.97])
(u'2014-02-21', [52632.70499699999, 10.15, 233.0, 0.22, 5.42, 1003.42, 0.72, 4.72, 3.59, 10.15])
(u'2012-05-13', [25499.502000899996, 16.26, 226.0, 0.19, 3.29, 1030.8, 0.62, 6.94, 5.49, 16.26])
(u'2013-02-18', [63053.02800000001, 7.65, 99.0, 0.33, 2.86, 1020.42, 0.83, -1.43, 1.16, 7.65])
(u'2014-01-24', [57825.27299990001, 8.01, 166.0, 0.54, 2.43, 1013.91, 0.83, 6.98, 2.76, 8.01])
(u'2013-11-27', [57991.21199720003, 10.32, 276.0, 0.88, 1.35, 1033.95, 0.89, 8.58, 5.78, 10.32])
(u'2012-05-02', [20800.0400005, 9.19, 15.0, 0.82, 2.7, 1012.04, 0.9, 7.38, 7.99, 8.75])
(u'2012-05-02', [20800.0400005, 13.81, 350.0, 0.78, 3.3, 1019.49, 0.85, 8.16, 9.73, 13.81])
(u'2013-05-04', [47651.554990600016, 16.31, 241.0, 0.34, 5.16, 1017.3, 0.64, 6.87, 8.05, 16.31])
(u'2012-11-01', [59514.92099510001, 11.46, 225.0, 0.44, 4.07, 979.63, 0.85, 4.2, 4.2, 9.42])
(u'2012-05-29', [28586.088999699998, 22.37, 19.0, 0.33, 1.06, 1017.29, 0.73, 12.5, 14.25, 22.37])
(u'2012-08-10', [37923.4519991, 24.99, 114.0, 0.23, 0.55, 1026.05, 0.7, 15.21, 14.5, 24.99])
(u'2012-11-28', [66176.57799579998, 6.89, 342.0, 0.65, 5.17, 1012.91, 0.83, 2.23, 3.45, 6.89])
(u'2012-08-29', [39500.461002100004, 19.69, 197.0, 0.36, 4.15, 1012.74, 0.85, 14.09, 13.66, 19.69])
(u'2012-03-18', [12641.659000300002, 9.76, 307.0, 0.38, 1.84, 1017.33, 0.82, 1.69, 3.98, 9.76])
(u'2013-08-03', [40935.212997200004, 23.17, 220.0, 0.34, 4.85, 1014.89, 0.71, 14.79, 15.36, 23.17])
(u'2013-06-14', [43819.09300089999, 18.81, 205.0, 0.45, 4.12, 1016.14, 0.69, 11.01, 9.13, 18.81])
(u'2012-10-28', [66596.57999959998, 9.17, 234.0, 0.42, 3.13, 1015.62, 0.88, 7.66, 1.43, 9.17])
(u'2013-06-04', [42933.613001800004, 20.07, 44.0, 0.27, 4.16, 1027.0, 0.6, 8.96, 7.64, 20.07])
(u'2013-04-27', [51258.584000400035, 10.36, 6.0, 0.39, 2.7, 1015.1, 0.71, 1.61, 4.02, 10.36])
(u'2013-09-16', [46848.96099899999, 14.08, 266.0, 0.31, 5.55, 1002.85, 0.67, 8.19, 8.24, 14.08])
(u'2013-04-07', [60254.793997099994, 10.37, 127.0, 0.4, 2.04, 1020.37, 0.62, 3.47, -1.21, 10.37])
(u'2012-03-17', [12305.5110002, 10.75, 204.0, 0.52, 3.44, 1012.96, 0.87, 3.98, 7.37, 10.75])
(u'2012-01-12', [5232.6619998, 12.4, 265.0, 0.46, 4.35, 1027.85, 0.81, 2.34, 5.08, 12.4])
(u'2012-07-29', [40675.09999650002, 17.92, 236.0, 0.3, 3.53, 1011.76, 0.75, 9.86, 10.97, 17.92])
(u'2013-11-07', [52478.93199630001, 14.7, 253.0, 0.66, 2.89, 1006.38, 0.83, 5.29, 7.37, 11.0])
(u'2013-10-14', [52210.6149993, 11.34, 239.0, 0.66, 3.71, 1007.43, 0.91, 8.75, 8.62, 11.34])
(u'2012-12-11', [65086.99899370002, 2.7, 326.0, 0.29, 1.67, 1029.42, 0.89, -3.83, -2.49, 2.7])
(u'2013-06-28', [44240.869997800015, 20.16, 277.0, 0.93, 3.46, 1019.73, 0.87, 13.42, 12.56, 20.16])
(u'2012-12-07', [70912.9160019, 6.33, 299.0, 0.56, 5.63, 1001.72, 0.8, 3.9, 2.97, 6.33])
(u'2013-03-24', [76861.65900330001, 1.53, 63.0, 0.83, 6.06, 1012.85, 0.78, 0.71, -0.32, 1.23])
(u'2013-09-02', [42140.851998599996, 24.94, 278.0, 0.33, 3.28, 1027.0, 0.7, 14.04, 11.88, 24.94])
(u'2013-01-26', [70604.64099690001, 7.56, 210.0, 0.51, 3.61, 1006.45, 0.86, 6.47, 2.37, 7.41])
(u'2012-07-26', [37555.18500309999, 26.44, 80.0, 0.12, 2.8, 1018.08, 0.61, 15.93, 15.93, 26.44])
(u'2012-07-06', [36397.9069974, 18.7, 193.0, 0.39, 2.46, 1007.45, 0.82, 13.42, 14.78, 18.7])
(u'2012-01-26', [6594.3049985, 9.54, 214.0, 0.51, 4.51, 1009.15, 0.8, 2.93, 3.15, 8.77])
(u'2012-06-10', [35620.77500159999, 17.22, 119.0, 0.4, 1.56, 1008.58, 0.78, 12.09, 8.91, 17.22])
(u'2011-12-03', [1185.8300002, 11.42, 247.0, 0.54, 5.42, 1003.55, 0.79, 7.53, 8.12, 11.42])
(u'2012-02-29', [9708.5509957, 12.74, 228.0, 0.54, 2.47, 1024.65, 0.85, 6.49, 9.61, 12.74])
(u'2012-12-27', [65277.85599829999, 7.97, 258.0, 0.51, 4.09, 1005.46, 0.84, 5.45, 6.42, 7.97])
(u'2012-11-30', [68022.16699839999, 4.37, 278.0, 0.25, 1.55, 1011.91, 0.88, -1.35, -0.89, 4.37])
(u'2013-11-19', [57394.553994400005, 6.78, 314.0, 0.19, 3.57, 1013.76, 0.74, -1.27, 0.6, 5.73])
(u'2012-08-08', [38104.8790023, 22.8, 260.0, 0.54, 1.73, 1022.61, 0.77, 13.33, 15.03, 22.8])
(u'2013-07-18', [42464.6520019, 27.56, 65.0, 0.18, 3.24, 1026.15, 0.6, 15.62, 17.5, 27.56])
(u'2012-08-24', [37624.711999, 20.27, 186.0, 0.44, 2.88, 1005.28, 0.76, 15.58, 14.07, 20.27])
(u'2013-02-24', [76489.9489867, 2.35, 0.0, 0.86, 4.47, 1023.88, 0.71, 1.74, 0.85, 2.35])
(u'2013-07-30', [42351.0319964, 20.91, 219.0, 0.49, 3.99, 1013.58, 0.86, 16.49, 15.64, 20.91])
(u'2013-12-12', [59475.30199809999, 8.98, 185.0, 0.16, 2.28, 1024.86, 0.94, 7.23, 1.52, 8.98])
(u'2013-05-15', [49696.89500250001, 13.64, 216.0, 0.71, 5.86, 994.19, 0.71, 4.17, 7.0, 13.64])
(u'2012-02-01', [8150.828997900002, 3.36, 53.0, 0.36, 5.45, 1032.32, 0.67, -1.66, -0.92, 3.36])
(u'2012-11-10', [63139.65400209999, 10.31, 220.0, 0.49, 2.38, 997.84, 0.91, 2.1, 5.2, 9.78])
(u'2012-01-07', [5412.5550028, 10.34, 274.0, 0.6, 5.65, 1021.72, 0.72, 7.6, 7.6, 10.2])
(u'2013-02-01', [63519.786002900015, 8.03, 265.0, 0.49, 2.83, 1002.38, 0.85, 2.9, 4.16, 7.33])
(u'2013-04-19', [50864.03300100002, 11.95, 301.0, 0.47, 2.33, 1025.56, 0.69, 2.88, 6.17, 11.95])
(u'2012-03-09', [11160.1160028, 10.86, 241.0, 0.64, 4.01, 1034.68, 0.78, 8.74, 6.74, 10.86])
(u'2013-09-29', [49271.81000150001, 17.36, 70.0, 0.45, 4.76, 1006.89, 0.79, 13.44, 13.44, 17.36])
(u'2012-07-27', [39049.37, 23.79, 355.0, 0.36, 1.48, 1012.66, 0.75, 15.02, 15.93, 23.79])
(u'2013-09-05', [42356.7659989, 18.32, 238.0, 0.39, 1.92, 1008.5, 0.81, 11.39, 13.26, 17.04])
(u'2013-09-05', [42356.7659989, 28.49, 316.0, 0.12, 0.78, 1011.32, 0.71, 15.05, 15.46, 28.49])
(u'2013-04-14', [54168.674991999986, 19.88, 204.0, 0.45, 6.56, 1013.12, 0.7, 10.88, 11.49, 19.88])
(u'2012-03-22', [11674.305995499999, 15.81, 80.0, 0.1, 3.71, 1029.23, 0.72, 6.74, 6.14, 15.81])
(u'2014-01-28', [57450.0910067, 9.12, 180.0, 0.61, 4.32, 985.33, 0.83, 4.76, 5.03, 9.12])
(u'2013-07-09', [41787.0249965, 25.61, 51.0, 0.13, 3.27, 1028.39, 0.57, 13.54, 12.01, 25.61])
(u'2012-06-28', [34114.676999100004, 27.16, 184.0, 0.31, 3.03, 1005.5, 0.75, 13.96, 16.23, 27.16])
(u'2013-06-13', [45641.21100159999, 17.59, 234.0, 0.78, 6.8, 1011.04, 0.75, 9.13, 12.96, 17.59])
(u'2012-05-12', [24573.938999799997, 14.44, 343.0, 0.16, 2.6, 1036.68, 0.58, 5.49, 5.69, 14.44])
(u'2013-03-19', [61743.7119949, 7.72, 81.0, 0.59, 1.56, 997.51, 0.83, 2.37, 2.81, 7.72])
(u'2013-07-14', [44223.8579994, 27.83, 321.0, 0.27, 0.86, 1023.66, 0.61, 17.96, 17.28, 27.83])
(u'2012-04-21', [18058.704998000005, 12.45, 261.0, 0.35, 3.63, 997.0, 0.73, 4.76, 3.78, 12.45])
(u'2013-12-26', [59479.84600289998, 7.64, 219.0, 0.49, 2.27, 995.06, 0.92, 4.29, 2.87, 4.29])
(u'2012-07-31', [39006.6779988, 20.19, 207.0, 0.53, 3.03, 1014.62, 0.84, 13.69, 11.52, 20.19])
(u'2013-07-04', [42716.33899809999, 22.89, 240.0, 0.44, 3.97, 1019.37, 0.76, 12.63, 12.48, 22.89])
(u'2012-07-15', [40955.01299639999, 18.26, 272.0, 0.39, 3.45, 1015.16, 0.69, 13.05, 12.44, 18.26])
(u'2013-01-13', [75265.22399579998, 3.48, 23.0, 0.6, 3.13, 1018.81, 0.74, -0.41, 1.04, 2.88])
(u'2012-06-03', [34793.976001599985, 12.19, 91.0, 0.82, 4.54, 1007.36, 0.95, 7.64, 10.97, 12.19])
(u'2012-09-22', [43956.617998400005, 15.62, 31.0, 0.28, 1.98, 1019.37, 0.69, 8.85, 6.59, 15.62])
(u'2013-07-20', [42544.00999700001, 22.49, 63.0, 0.51, 4.37, 1023.47, 0.74, 16.84, 16.34, 22.49])
(u'2011-12-16', [3504.5329971, 4.68, 315.0, 0.7, 3.71, 988.1, 0.88, 0.24, 1.8, 4.53])
(u'2012-03-16', [11682.839998899999, 9.75, 234.0, 0.89, 4.2, 1018.93, 0.76, 7.49, 8.5, 9.75])
(u'2013-09-17', [48356.389001699994, 13.7, 243.0, 0.61, 3.33, 1000.28, 0.84, 10.77, 8.19, 13.08])
(u'2012-07-18', [39177.4509995, 18.52, 230.0, 0.72, 5.3, 1013.52, 0.85, 13.77, 14.91, 18.52])
(u'2012-07-07', [37877.55199980001, 18.65, 150.0, 0.54, 3.33, 1007.26, 0.81, 14.28, 13.42, 18.65])
(u'2014-01-25', [58894.10400359999, 11.77, 254.0, 0.44, 4.0, 1012.46, 0.83, 4.25, 5.68, 11.77])
(u'2013-11-24', [63850.8710065, 8.02, 359.0, 0.77, 3.55, 1030.42, 0.78, 4.54, 5.06, 8.02])
(u'2012-07-08', [40721.06799940001, 18.77, 333.0, 0.55, 1.08, 1005.49, 0.89, 14.38, 14.28, 18.77])
(u'2013-05-07', [44633.4899966, 19.82, 107.0, 0.16, 2.07, 1016.51, 0.6, 11.72, 8.63, 19.82])
(u'2012-02-13', [10128.2590011, 6.58, 304.0, 0.65, 3.23, 1027.34, 0.9, 4.54, 1.09, 6.58])
(u'2012-02-28', [9578.6740002, 13.86, 257.0, 0.66, 2.71, 1023.97, 0.86, 9.61, 9.73, 13.86])
(u'2012-11-27', [64598.4289957, 8.47, 346.0, 0.72, 3.98, 1003.65, 0.9, 5.84, 6.42, 8.47])
(u'2014-02-20', [52932.61999639999, 12.5, 216.0, 0.61, 5.38, 1001.54, 0.84, 3.59, 6.34, 12.5])
(u'2013-10-03', [46260.50099820001, 18.45, 124.0, 0.43, 3.37, 1008.9, 0.93, 16.62, 14.03, 18.45])
(u'2013-04-20', [51080.49499849999, 13.14, 87.0, 0.16, 2.21, 1032.63, 0.66, 1.46, 2.88, 13.14])
(u'2012-12-24', [66453.03299419998, 12.3, 201.0, 0.61, 4.28, 999.12, 0.91, 7.25, 7.57, 12.3])
(u'2013-04-04', [65951.6599971, 2.91, 35.0, 0.55, 5.76, 1014.22, 0.74, 1.88, 0.98, 2.91])
(u'2013-10-15', [50149.861000100005, 12.58, 289.0, 0.45, 2.97, 1010.38, 0.88, 6.76, 8.75, 12.58])
(u'2013-11-18', [57231.416998900015, 9.3, 278.0, 0.98, 1.77, 1010.92, 0.92, 2.19, 7.37, 9.3])
(u'2013-08-10', [40681.1700018, 21.73, 278.0, 0.49, 2.82, 1021.99, 0.57, 15.42, 14.1, 21.73])
(u'2013-06-05', [42889.653, 19.64, 54.0, 0.56, 3.59, 1021.53, 0.71, 8.73, 8.96, 19.64])
(u'2012-01-11', [5139.938000599999, 11.19, 248.0, 0.53, 3.98, 1032.94, 0.84, 7.48, 7.1, 11.19])
(u'2013-06-29', [43248.4070051, 21.19, 312.0, 0.35, 3.36, 1022.39, 0.61, 14.92, 13.42, 21.19])
(u'2012-12-08', [70699.2499954, 6.46, 299.0, 0.52, 2.14, 1023.19, 0.83, 3.17, 3.17, 6.46])
(u'2013-03-27', [67641.08700119998, 3.82, 49.0, 0.48, 3.95, 1011.63, 0.64, -0.89, -0.29, 3.82])
(u'2012-12-10', [69244.11498780001, 5.59, 326.0, 0.27, 3.93, 1022.18, 0.79, -0.23, 1.55, 5.59])
(u'2013-01-25', [73746.75898869999, 2.98, 155.0, 0.74, 3.2, 1014.52, 0.8, 0.96, -1.19, 1.85])
(u'2012-08-11', [38220.6540008, 22.91, 92.0, 0.24, 4.3, 1020.96, 0.67, 16.03, 15.21, 22.91])
(u'2013-01-01', [65269.36800130001, 7.49, 257.0, 0.43, 4.0, 1016.89, 0.82, 4.42, 3.31, 5.76])
(u'2012-08-28', [38325.06499849999, 22.5, 224.0, 0.39, 4.17, 1012.79, 0.75, 14.74, 14.97, 22.5])
(u'2013-02-28', [65252.63299149999, 7.26, 43.0, 0.64, 4.25, 1029.69, 0.8, 2.58, 2.41, 7.26])
(u'2012-06-11', [37268.223005399996, 13.28, 33.0, 0.85, 4.37, 1002.0, 0.95, 10.78, 10.97, 13.28])
(u'2011-12-02', [1014.5910005000001, 8.07, 232.0, 0.32, 3.0, 1012.12, 0.87, 6.33, 2.56, 7.36])
(u'2012-01-27', [6809.7039997, 8.68, 239.0, 0.25, 3.33, 1019.12, 0.78, 3.51, 2.93, 8.68])
(u'2013-02-25', [71302.4429949, 4.39, 12.0, 0.84, 4.8, 1026.97, 0.83, 2.98, 1.74, 4.39])
(u'2013-07-19', [41817.8080006, 27.27, 70.0, 0.18, 4.26, 1025.17, 0.57, 16.34, 15.62, 27.27])
(u'2012-08-27', [39589.04199849999, 20.99, 182.0, 0.32, 3.82, 1014.33, 0.75, 14.97, 12.62, 20.99])
(u'2012-10-29', [60751.016993000005, 12.4, 238.0, 0.45, 2.95, 1008.71, 0.89, 5.57, 7.66, 12.4])
(u'2012-12-25', [68988.8580013, 9.14, 225.0, 0.56, 4.39, 995.66, 0.89, 4.83, 6.46, 9.14])
(u'2013-05-12', [52661.0220018, 14.81, 251.0, 0.44, 5.33, 1014.56, 0.76, 10.87, 6.04, 14.81])
(u'2012-11-11', [66473.9219911, 9.87, 247.0, 0.22, 1.98, 1011.6, 0.88, 4.52, 2.1, 9.87])
(u'2013-04-17', [49485.45399759999, 17.95, 203.0, 0.54, 5.53, 1014.48, 0.77, 9.13, 9.66, 17.95])
(u'2013-10-02', [46532.0869969, 19.02, 120.0, 0.59, 3.51, 1010.58, 0.87, 14.03, 13.62, 19.02])
(u'2013-04-18', [49849.69699850001, 14.11, 237.0, 0.35, 8.12, 1013.1, 0.64, 7.08, 8.48, 14.11])
(u'2013-05-06', [46434.924996999995, 20.99, 187.0, 0.22, 1.13, 1020.13, 0.63, 8.63, 10.48, 20.99])
(u'2013-04-05', [63373.45099930001, 7.34, 32.0, 0.63, 5.89, 1015.19, 0.61, 0.64, 1.88, 7.34])
(u'2013-09-28', [46951.9560018, 18.36, 81.0, 0.17, 4.46, 1009.88, 0.81, 13.57, 12.43, 18.36])
(u'2013-09-04', [42150.3659963, 27.04, 119.0, 0.1, 1.86, 1021.14, 0.75, 15.46, 14.09, 27.04])
(u'2013-08-13', [40824.0860034, 19.8, 281.0, 0.43, 3.63, 1021.59, 0.69, 11.04, 11.46, 19.8])
(u'2012-03-23', [11956.156995, 19.48, 88.0, 0.07, 1.01, 1026.63, 0.74, 6.42, 6.74, 19.48])
(u'2012-08-03', [38068.50000029999, 21.77, 205.0, 0.33, 4.37, 1012.49, 0.73, 14.36, 13.09, 21.77])
(u'2013-07-08', [42360.63899970001, 25.18, 54.0, 0.14, 3.92, 1032.66, 0.65, 12.01, 14.99, 25.18])
(u'2013-06-12', [46263.92199679999, 16.96, 211.0, 0.93, 5.94, 1011.39, 0.86, 13.03, 14.16, 16.96])
(u'2012-07-14', [40751.0790033, 16.44, 281.0, 0.63, 1.68, 1004.61, 0.88, 12.44, 13.13, 16.44])
(u'2012-01-08', [5666.3259983, 9.62, 275.0, 0.73, 3.56, 1026.57, 0.75, 7.74, 8.12, 9.62])
(u'2012-01-24', [6642.081999699999, 9.77, 228.0, 0.6, 2.13, 1019.33, 0.95, 8.63, 1.94, 9.31])
(u'2013-07-23', [43609.2619992, 27.13, 147.0, 0.37, 1.84, 1013.38, 0.74, 15.59, 19.29, 27.13])
(u'2012-02-10', [10166.6179966, 1.21, 104.0, 0.47, 2.13, 1038.18, 0.81, -5.64, -2.96, 1.21])
(u'2012-04-20', [17916.421999600003, 12.46, 244.0, 0.37, 3.28, 993.06, 0.83, 3.78, 5.34, 12.46])
(u'2013-12-25', [64006.14799120001, 7.19, 194.0, 0.03, 2.47, 984.66, 0.85, 2.87, 3.74, 7.19])
(u'2012-07-30', [38372.44500340002, 19.69, 246.0, 0.31, 4.22, 1015.19, 0.65, 11.52, 9.86, 19.69])
(u'2013-02-13', [69677.26899460002, 3.09, 149.0, 0.68, 3.48, 1021.27, 0.73, 1.39, 0.6, 2.35])
(u'2014-01-29', [59770.9330015, 5.46, 97.0, 0.93, 4.25, 993.99, 0.9, 3.66, 3.72, 4.79])
(u'2013-11-28', [56715.4290047, 9.9, 324.0, 0.96, 1.23, 1034.64, 0.87, 8.04, 8.08, 9.9])
(u'2012-06-02', [31599.756996000004, 17.54, 94.0, 0.71, 4.71, 1014.89, 0.81, 11.03, 11.83, 17.54])
(u'2012-09-23', [51240.25799689999, 12.31, 87.0, 0.48, 4.46, 1009.6, 0.86, 10.96, 8.85, 12.31])
(u'2013-05-29', [48823.9339966, 12.79, 310.0, 0.76, 2.14, 1004.27, 0.87, 10.79, 8.38, 12.79])
(u'2011-12-17', [3783.3509990999996, 5.35, 285.0, 0.37, 3.99, 1008.46, 0.86, -0.01, 0.24, 5.35])
(u'2012-11-26', [63640.5299996, 10.69, 208.0, 0.64, 1.29, 998.27, 0.91, 7.17, 7.17, 9.52])
(u'2013-04-21', [53862.092003699996, 14.12, 242.0, 0.28, 2.14, 1021.92, 0.64, 6.91, 1.46, 14.12])
(u'2013-11-01', [50984.8669965, 13.97, 203.0, 0.55, 2.95, 1008.97, 0.89, 10.47, 11.48, 13.97])
(u'2012-08-12', [39990.86299940001, 25.13, 123.0, 0.24, 2.43, 1012.34, 0.7, 15.26, 16.03, 25.13])
(u'2013-11-25', [59434.028999700015, 7.29, 349.0, 0.73, 3.33, 1037.52, 0.77, 2.98, 4.54, 7.29])
(u'2013-12-01', [62882.79799919998, 9.42, 308.0, 0.55, 1.02, 1032.9, 0.83, 7.26, 2.43, 9.42])
(u'2012-11-03', [62900.12399269999, 9.45, 226.0, 0.25, 3.16, 996.52, 0.79, 2.96, 3.22, 9.45])
(u'2013-07-15', [42817.287999100015, 29.3, 336.0, 0.4, 0.84, 1023.14, 0.45, 17.03, 17.96, 29.3])
(u'2013-08-20', [40333.486997199994, 23.53, 235.0, 0.37, 1.6, 1027.38, 0.6, 12.78, 12.16, 23.53])
(u'2012-02-27', [9988.869995500001, 11.15, 247.0, 0.67, 3.68, 1024.91, 0.85, 9.73, 6.27, 11.15])
(u'2013-04-08', [57193.87700480001, 9.99, 80.0, 0.36, 4.97, 1005.84, 0.65, 3.45, 3.47, 9.99])
(u'2013-01-10', [66524.20899729998, 3.43, 307.0, 0.7, 1.55, 1015.8, 0.94, 0.89, 1.16, 3.43])
(u'2014-01-26', [64526.63999639999, 9.03, 233.0, 0.4, 4.55, 1002.1, 0.79, 2.56, 3.26, 9.03])
(u'2012-10-02', [47621.1449957, 16.44, 211.0, 0.39, 5.09, 1010.12, 0.85, 11.06, 10.87, 16.44])
(u'2013-09-30', [46156.7279929, 18.81, 84.0, 0.37, 3.68, 1006.77, 0.79, 11.76, 13.21, 18.81])
(u'2012-07-04', [34921.619998300004, 21.44, 176.0, 0.66, 3.35, 1009.62, 0.85, 15.2, 15.95, 21.44])
(u'2013-09-14', [48662.11300089999, 13.85, 335.0, 0.69, 2.95, 1015.54, 0.89, 6.72, 9.3, 13.85])
(u'2013-08-01', [41868.86899830001, 32.4, 159.0, 0.2, 3.68, 1009.49, 0.65, 17.41, 16.98, 32.4])
(u'2013-01-29', [63821.56799939999, 13.09, 225.0, 0.69, 7.22, 1003.25, 0.89, 8.41, 9.76, 13.09])
(u'2013-10-16', [51850.2390015, 14.87, 194.0, 0.44, 1.84, 1010.46, 0.91, 11.82, 6.76, 14.87])
(u'2013-06-06', [42638.7359957, 20.88, 58.0, 0.23, 4.28, 1021.53, 0.68, 10.02, 8.73, 20.88])
(u'2012-01-10', [5137.7699968, 11.29, 246.0, 0.72, 3.76, 1033.21, 0.87, 7.1, 9.16, 11.29])
(u'2013-06-26', [42881.58400130001, 20.61, 295.0, 0.42, 1.98, 1029.89, 0.64, 12.2, 10.14, 20.61])
(u'2012-12-09', [74193.60000289998, 8.66, 271.0, 0.53, 5.44, 1018.89, 0.8, 3.21, 3.86, 8.66])
(u'2013-03-26', [69956.08598769999, 1.75, 52.0, 0.69, 4.99, 1013.39, 0.65, -0.29, 0.77, 1.75])
(u'2012-04-30', [19711.5680002, 17.15, 110.0, 0.32, 4.69, 1012.09, 0.68, 11.28, 8.68, 17.15])
(u'2013-01-24', [73479.51800600003, 2.23, 47.0, 0.8, 2.07, 1016.41, 0.79, -1.19, -0.11, 2.23])
(u'2014-02-10', [56715.121999099996, 8.78, 232.0, 0.55, 1.66, 992.84, 0.84, 2.77, 4.08, 8.78])
(u'2013-12-13', [58225.148996100004, 11.73, 199.0, 0.51, 3.44, 1019.67, 0.85, 3.79, 8.15, 11.73])
(u'2012-05-11', [23265.2250008, 15.88, 270.0, 0.45, 5.09, 1021.32, 0.64, 5.69, 9.37, 15.88])
(u'2013-07-31', [42139.056003100006, 23.56, 223.0, 0.55, 4.47, 1015.34, 0.8, 16.98, 16.49, 23.56])
(u'2012-06-16', [28835.046999200014, 17.47, 214.0, 0.57, 7.3, 1008.62, 0.72, 12.46, 12.57, 17.47])
(u'2014-02-23', [57379.092994800005, 11.94, 200.0, 0.66, 7.1, 1010.37, 0.76, 7.99, 8.67, 11.94])
(u'2011-12-01', [848.9490005, 12.15, 225.0, 0.57, 2.57, 1007.12, 0.82, 2.56, 6.08, 12.15])
(u'2011-12-25', [4894.883998499999, 11.98, 237.0, 0.88, 5.81, 1028.45, 0.83, 11.52, 8.67, 11.54])
(u'2012-07-09', [38590.2819955, 18.0, 237.0, 0.61, 3.31, 1010.95, 0.85, 13.96, 14.38, 18.0])
(u'2013-02-02', [67804.04500250003, 5.56, 329.0, 0.43, 4.97, 1015.47, 0.71, 0.11, 1.48, 5.14])
(u'2012-08-26', [38567.19200480001, 21.01, 268.0, 0.51, 4.39, 1014.38, 0.69, 12.62, 14.26, 21.01])
(u'2012-09-30', [50799.67099999999, 16.46, 221.0, 0.48, 4.6, 1019.0, 0.81, 13.66, 6.42, 16.46])
(u'2013-05-13', [47302.540997699994, 14.06, 252.0, 0.61, 6.61, 1011.68, 0.68, 7.36, 7.45, 14.06])
(u'2012-02-03', [9104.8389978, 1.54, 348.0, 0.36, 2.2, 1039.19, 0.67, -3.27, -2.19, 1.54])
(u'2012-07-05', [35166.28899839999, 22.33, 192.0, 0.48, 1.35, 1009.33, 0.71, 14.78, 15.2, 22.33])
(u'2012-12-22', [68183.41199909999, 13.07, 200.0, 0.67, 3.91, 1005.25, 0.96, 12.34, 6.04, 13.07])
(u'2013-09-08', [46375.7689985, 16.86, 211.0, 0.37, 2.74, 1017.99, 0.8, 9.2, 9.13, 16.86])
(u'2013-09-08', [46375.7689985, 10.63, 264.0, 0.03, 1.61, 1018.08, 0.88, 9.38, 9.2, 10.29])
(u'2012-01-25', [6615.692002700001, 9.76, 216.0, 0.81, 3.56, 1015.27, 0.9, 6.55, 8.59, 9.72])
(u'2012-10-11', [52309.83999730001, 14.72, 250.0, 0.48, 5.42, 1005.33, 0.75, 6.47, 8.51, 13.99])
(u'2012-10-11', [52309.83999730001, 14.88, 119.0, 0.71, 3.2, 1004.43, 0.89, 10.37, 9.15, 14.88])
(u'2013-09-07', [43597.74899579999, 17.7, 195.0, 0.26, 3.43, 1013.82, 0.75, 9.13, 11.39, 17.7])
(u'2013-08-12', [41075.69400219999, 20.39, 281.0, 0.41, 3.6, 1016.89, 0.61, 11.46, 13.57, 20.39])
(u'2013-12-29', [61101.24399499999, 7.56, 230.0, 0.12, 3.07, 1014.89, 0.84, 5.23, 0.72, 7.15])
(u'2014-01-27', [59568.6180055, 7.95, 234.0, 0.38, 5.29, 989.87, 0.79, 4.81, 2.56, 7.95])
(u'2013-06-11', [45195.473001, 16.96, 172.0, 0.61, 3.0, 1013.81, 0.83, 14.16, 8.16, 16.96])
(u'2012-08-02', [37860.2249973, 21.29, 217.0, 0.45, 4.71, 1010.31, 0.74, 13.09, 15.61, 21.29])
(u'2013-10-25', [47690.47999719998, 18.47, 188.0, 0.47, 4.14, 1005.16, 0.86, 14.39, 13.16, 18.47])
(u'2012-01-09', [5290.845999299999, 12.33, 256.0, 0.68, 4.05, 1029.61, 0.84, 9.16, 7.74, 12.33])
(u'2012-11-02', [60879.82800019999, 9.78, 229.0, 0.23, 4.31, 991.25, 0.77, 3.22, 4.61, 9.78])
(u'2013-12-10', [58189.29100390001, 9.03, 173.0, 0.23, 1.35, 1031.32, 0.91, 2.06, 2.06, 9.03])
(u'2012-04-23', [18552.970998800003, 9.67, 130.0, 0.63, 2.4, 995.32, 0.86, 6.99, 6.89, 9.67])
(u'2013-12-24', [61178.4150001, 11.93, 212.0, 0.4, 6.67, 979.52, 0.81, 3.93, 5.43, 9.07])
(u'2014-02-07', [55300.48400330001, 9.81, 235.0, 0.63, 3.98, 988.77, 0.79, 7.03, 4.13, 8.97])
(u'2013-02-12', [70967.2110078, 2.24, 40.0, 0.86, 2.87, 1015.13, 0.76, 0.6, 1.14, 2.24])
(u'2012-07-17', [38616.223000900005, 22.44, 254.0, 0.55, 4.9, 1022.06, 0.77, 14.91, 13.92, 22.44])
(u'2013-07-22', [43396.91899460001, 32.16, 113.0, 0.28, 1.62, 1016.02, 0.63, 19.29, 17.21, 32.16])
(u'2012-05-08', [22697.137998800004, 17.24, 196.0, 0.51, 3.13, 1007.34, 0.82, 10.78, 10.43, 17.24])
(u'2012-09-20', [42103.4310043, 17.38, 226.0, 0.45, 3.17, 1020.9, 0.7, 10.34, 9.07, 17.38])
(u'2013-05-28', [48188.760003799995, 12.13, 130.0, 0.67, 1.48, 1000.65, 0.86, 8.38, 9.78, 11.88])
(u'2011-12-18', [4125.0359997, 5.49, 289.0, 0.22, 3.6, 1016.37, 0.84, -0.84, -0.56, 5.49])
(u'2012-06-05', [34515.65500409999, 15.0, 160.0, 0.51, 3.42, 1014.65, 0.82, 11.54, 7.54, 15.0])
(u'2012-11-25', [67399.6940064, 12.54, 225.0, 0.54, 6.54, 1001.79, 0.81, 7.68, 7.46, 10.92])
(u'2013-04-16', [49758.26499400003, 16.55, 218.0, 0.4, 5.75, 1015.5, 0.7, 9.66, 9.63, 16.55])
(u'2013-11-02', [51814.2470025, 15.08, 230.0, 0.43, 4.55, 998.6, 0.82, 7.56, 10.27, 15.08])
(u'2012-08-13', [38487.481999699994, 22.68, 176.0, 0.42, 2.92, 1011.16, 0.79, 17.62, 15.26, 22.68])
(u'2013-05-01', [47309.0460002, 16.32, 50.0, 0.26, 2.95, 1024.26, 0.62, 5.43, 4.42, 16.32])
(u'2012-02-11', [10411.5740047, 1.93, 19.0, 0.04, 0.92, 1036.81, 0.78, -4.46, -5.64, 1.93])
(u'2013-08-21', [40445.90199790001, 25.57, 231.0, 0.38, 2.36, 1023.87, 0.64, 16.54, 12.72, 25.57])
(u'2012-03-31', [12862.417999399999, 11.09, 15.0, 0.61, 3.31, 1019.84, 0.71, 2.43, 6.58, 11.09])
(u'2013-04-09', [58840.29400930001, 8.81, 75.0, 0.7, 3.87, 997.5, 0.83, 2.98, 3.45, 8.81])
(u'2013-01-11', [66713.71100230001, 5.7, 281.0, 0.52, 0.4, 1017.62, 0.93, 1.37, 0.89, 5.7])
(u'2012-02-26', [10017.5979984, 12.67, 260.0, 0.28, 1.43, 1028.24, 0.74, 6.27, 3.26, 12.67])
(u'2013-11-29', [56413.78299359999, 10.18, 280.0, 0.62, 4.4, 1026.65, 0.77, 6.21, 6.56, 10.18])
(u'2012-10-03', [47774.227005000015, 14.34, 230.0, 0.36, 4.65, 1005.61, 0.8, 7.19, 9.35, 14.34])
(u'2013-04-22', [50681.0529946, 14.32, 226.0, 0.66, 4.12, 1016.11, 0.74, 10.02, 6.91, 14.32])
(u'2013-09-15', [51764.03799769999, 15.36, 233.0, 0.41, 4.65, 1010.26, 0.86, 8.24, 6.72, 14.82])
(u'2012-04-10', [13588.552999299996, 12.9, 238.0, 0.37, 5.0, 990.03, 0.7, 3.57, 5.94, 12.9])
(u'2013-01-28', [67847.046995, 10.54, 217.0, 0.47, 5.95, 1005.47, 0.84, 9.34, 3.02, 9.34])
(u'2013-10-01', [46467.699994500006, 17.28, 96.0, 0.54, 4.02, 1009.02, 0.82, 13.62, 11.76, 17.28])
(u'2012-09-19', [41546.167004400006, 16.3, 275.0, 0.27, 3.65, 1021.81, 0.63, 9.07, 7.35, 16.3])
(u'2013-06-07', [43110.537993300015, 19.64, 54.0, 0.38, 4.3, 1023.0, 0.66, 9.16, 10.02, 19.64])
(u'2013-06-27', [43255.820001100015, 19.23, 298.0, 0.54, 2.69, 1026.49, 0.69, 12.56, 12.2, 19.23])
(u'2013-01-03', [62832.506997000004, 11.41, 255.0, 0.66, 4.36, 1032.61, 0.91, 9.55, 9.65, 11.41])
(u'2013-10-17', [49202.0200018, 17.29, 249.0, 0.26, 4.15, 1013.27, 0.84, 10.5, 11.82, 17.29])
(u'2013-03-21', [62367.283001799995, 6.27, 99.0, 0.61, 4.73, 1015.96, 0.75, 2.59, 1.18, 6.27])
(u'2013-09-18', [46463.736001199984, 15.18, 302.0, 0.61, 3.44, 1003.41, 0.78, 8.33, 10.77, 15.18])
(u'2013-11-13', [55332.72999129998, 9.94, 234.0, 0.45, 2.3, 1032.0, 0.82, 6.54, 2.11, 9.94])
(u'2014-02-11', [57641.1839975, 7.51, 223.0, 0.41, 4.62, 996.66, 0.76, 3.03, 2.77, 7.51])
(u'2013-07-16', [42604.404001099996, 29.2, 187.0, 0.46, 0.48, 1022.88, 0.56, 17.14, 17.03, 29.2])
(u'2012-05-10', [23786.5949998, 17.12, 213.0, 0.79, 6.59, 1009.21, 0.9, 11.47, 14.44, 17.12])
(u'2012-06-17', [36371.0830048, 19.44, 228.0, 0.48, 4.86, 1016.26, 0.67, 11.17, 12.46, 19.44])
(u'2013-05-30', [48466.17200089999, 14.69, 351.0, 0.94, 3.44, 1010.33, 0.86, 11.27, 10.79, 14.69])
(u'2011-12-24', [4938.689999499999, 8.22, 252.0, 0.37, 4.46, 1028.17, 0.8, 7.45, 3.17, 7.93])
(u'2014-02-22', [53945.86800080001, 11.63, 228.0, 0.25, 4.77, 1009.09, 0.71, 7.52, 4.72, 11.63])
(u'2014-01-31', [60013.119996800015, 8.83, 177.0, 0.73, 4.74, 998.51, 0.91, 4.83, 1.97, 7.08])
(u'2013-02-03', [73004.9899986, 9.12, 243.0, 0.55, 4.32, 1018.69, 0.82, 8.43, 0.11, 8.78])
(u'2013-01-02', [66235.80499969999, 10.82, 242.0, 0.61, 3.72, 1023.12, 0.91, 9.65, 3.31, 9.86])
(u'2013-05-10', [46183.2369974, 17.17, 237.0, 0.63, 6.74, 1010.14, 0.72, 7.06, 10.2, 17.17])
(u'2012-02-02', [8736.229997100001, 1.41, 47.0, 0.29, 4.71, 1035.76, 0.59, -2.19, -1.76, 1.41])
(u'2012-12-31', [65599.60999580001, 9.24, 264.0, 0.38, 4.55, 1007.65, 0.81, 3.31, 4.22, 7.49])
(u'2013-12-11', [59826.403000300015, 6.4, 130.0, 0.03, 1.45, 1029.46, 0.93, 1.52, 2.06, 6.4])
(u'2014-01-19', [53910.9060006, 9.37, 203.0, 0.33, 1.72, 995.52, 0.8, 1.3, 3.34, 8.04])
(u'2013-03-20', [63214.619994199995, 5.87, 33.0, 0.78, 2.37, 1006.74, 0.86, 1.18, 2.37, 5.87])
(u'2013-09-23', [46023.780994, 19.64, 135.0, 0.52, 0.88, 1024.98, 0.89, 11.53, 13.03, 19.64])
(u'2012-03-28', [11703.841003200001, 21.14, 9.0, 0.1, 0.82, 1032.69, 0.49, 6.89, 4.88, 21.14])
(u'2012-10-10', [50051.314005200016, 14.13, 93.0, 0.56, 2.16, 1015.24, 0.74, 9.15, 7.04, 14.13])
(u'2012-04-07', [13829.7639992, 10.48, 2.0, 0.72, 2.09, 1012.32, 0.75, 6.52, 6.86, 10.48])
(u'2013-12-28', [58067.168999899994, 7.81, 230.0, 0.11, 3.17, 997.47, 0.77, 0.72, 2.86, 7.81])
(u'2013-06-10', [45814.02299849998, 14.56, 79.0, 0.95, 1.67, 1015.7, 0.68, 8.16, 10.61, 14.56])
(u'2013-10-24', [47803.60199519999, 16.91, 137.0, 0.36, 2.1, 1013.45, 0.86, 13.14, 6.83, 16.91])
(u'2012-01-22', [6764.353998499999, 11.8, 274.0, 0.37, 5.93, 1014.29, 0.68, 4.86, 6.0, 11.8])
(u'2012-08-01', [38332.48699959999, 22.57, 179.0, 0.41, 3.24, 1009.58, 0.79, 15.61, 13.69, 22.57])
(u'2013-03-30', [63794.1989969, 4.87, 41.0, 0.66, 3.61, 1011.38, 0.69, -1.54, 0.94, 4.87])
(u'2012-04-22', [18821.7139962, 14.03, 239.0, 0.29, 4.35, 1002.51, 0.78, 6.89, 4.76, 14.03])
(u'2014-02-06', [57719.16900510001, 9.81, 198.0, 0.67, 4.98, 989.9, 0.82, 4.13, 5.86, 9.77])
(u'2013-02-11', [71613.7730023, 1.88, 53.0, 0.87, 3.36, 999.17, 0.93, 1.22, 0.55, 1.88])
(u'2012-07-16', [40635.192999, 17.06, 234.0, 0.68, 5.27, 1019.8, 0.85, 13.92, 13.05, 16.94])
(u'2013-07-25', [42269.86699659999, 25.13, 202.0, 0.45, 3.05, 1012.93, 0.74, 15.26, 16.63, 25.13])
(u'2012-05-09', [23930.9400028, 15.18, 202.0, 0.77, 3.06, 1008.41, 0.92, 14.27, 10.78, 15.18])
(u'2012-09-21', [43045.69899969999, 16.32, 268.0, 0.43, 1.47, 1015.46, 0.76, 6.59, 10.34, 16.32])
(u'2013-05-27', [45846.575996700005, 17.28, 212.0, 0.29, 4.34, 1009.15, 0.58, 9.97, 6.32, 17.28])
(u'2011-12-19', [4270.0860012, 6.64, 235.0, 0.47, 2.7, 1014.39, 0.94, 5.83, -0.84, 6.64])
(u'2012-06-30', [34421.89500240001, 20.13, 215.0, 0.48, 5.76, 1008.1, 0.71, 11.01, 13.61, 20.13])
(u'2012-11-24', [66872.7840068, 9.91, 104.0, 0.58, 3.43, 1010.19, 0.97, 7.46, 3.64, 9.36])
(u'2014-02-09', [61441.941014400014, 8.18, 231.0, 0.52, 8.05, 984.71, 0.66, 4.23, 4.78, 8.18])
(u'2012-06-04', [33059.63500039999, 13.89, 20.0, 0.56, 3.37, 1013.69, 0.79, 7.54, 7.64, 13.89])
(u'2014-01-06', [58194.8419974, 12.57, 217.0, 0.58, 8.3, 994.61, 0.78, 10.23, 9.34, 12.37])
(u'2013-12-03', [58496.78199170002, 7.22, 304.0, 0.97, 0.96, 1029.5, 0.72, 3.66, 3.66, 6.44])
(u'2013-08-22', [42334.74800170001, 21.13, 132.0, 0.36, 1.09, 1019.89, 0.9, 16.34, 16.54, 21.13])
(u'2012-03-30', [11492.2810011, 17.12, 314.0, 0.16, 1.28, 1024.2, 0.71, 7.37, 7.81, 17.12])
(u'2013-10-18', [48645.03800079999, 17.16, 136.0, 0.49, 2.76, 1014.16, 0.91, 13.21, 10.5, 17.16])
(u'2012-10-24', [53363.046998599995, 16.18, 56.0, 0.74, 3.45, 1019.7, 0.92, 12.94, 13.08, 16.18])
(u'2011-12-27', [4345.089, 10.33, 225.0, 0.85, 3.54, 1032.76, 0.74, 8.03, 8.03, 10.33])
(u'2013-04-23', [46653.77800150002, 20.25, 258.0, 0.46, 3.48, 1019.23, 0.68, 9.45, 10.02, 20.25])
(u'2012-04-11', [14119.7639964, 12.91, 250.0, 0.31, 1.67, 996.99, 0.7, 3.68, 3.57, 12.91])
(u'2012-09-18', [41147.9189996, 17.19, 273.0, 0.28, 4.39, 1013.39, 0.64, 7.35, 10.97, 17.19])
(u'2013-06-08', [44226.07099760001, 17.06, 46.0, 0.36, 5.44, 1021.44, 0.69, 10.29, 9.16, 17.06])
(u'2013-06-24', [44903.1109997, 16.1, 290.0, 0.52, 4.16, 1021.79, 0.66, 11.26, 10.62, 16.1])
(u'2013-01-16', [72377.1829889, -0.06, 27.0, 0.48, 0.93, 1013.33, 0.91, -3.86, -2.32, -0.06])
(u'2012-12-23', [65806.95799799998, 13.08, 231.0, 0.53, 5.51, 1003.59, 0.86, 7.57, 9.34, 12.56])
(u'2013-09-19', [47636.15799480001, 15.84, 239.0, 0.49, 3.76, 1010.33, 0.84, 9.84, 8.33, 15.84])
(u'2013-11-12', [53938.03000210001, 13.11, 313.0, 0.56, 2.26, 1026.13, 0.85, 2.11, 6.08, 12.36])
(u'2014-02-12', [58757.54899050002, 8.83, 210.0, 0.59, 7.24, 994.27, 0.75, 4.14, 3.03, 8.83])
(u'2013-07-17', [42858.959001100004, 30.28, 119.0, 0.23, 1.24, 1023.84, 0.54, 17.5, 17.14, 30.28])
(u'2012-05-17', [26404.840000300006, 14.06, 131.0, 0.42, 2.52, 1017.46, 0.66, 9.11, 7.11, 14.06])
(u'2012-06-14', [31563.783995900005, 18.08, 105.0, 0.35, 4.6, 1016.24, 0.71, 12.91, 8.7, 18.08])
(u'2013-05-31', [45172.680997, 21.68, 340.0, 0.54, 3.45, 1017.87, 0.72, 10.77, 11.27, 21.68])
(u'2012-02-25', [9503.891997800003, 12.11, 310.0, 0.51, 2.18, 1027.58, 0.67, 3.26, 6.97, 12.11])
(u'2013-11-03', [57352.455995599994, 11.43, 244.0, 0.22, 5.3, 998.64, 0.74, 6.04, 7.56, 11.43])
(u'2012-07-02', [36552.4159952, 17.58, 192.0, 0.56, 4.51, 1015.49, 0.83, 15.43, 12.47, 17.58])
(u'2014-01-30', [59162.009998099995, 5.94, 65.0, 0.81, 1.52, 1001.76, 0.91, 1.97, 3.0, 5.94])
(u'2014-01-15', [56830.2200003, 11.19, 198.0, 0.77, 4.63, 998.57, 0.9, 7.94, 6.41, 11.19])
(u'2013-02-08', [66414.14099239999, 5.59, 314.0, 0.41, 3.08, 1019.29, 0.78, 1.58, 0.81, 5.59])
(u'2013-01-17', [73059.33599689999, 2.88, 111.0, 0.31, 1.01, 1017.44, 0.83, -1.44, -3.86, 2.88])
(u'2011-11-23', [90.3850001, 10.36, 229.0, 0.36, 2.04, 1027.12, 0.93, 8.24, 3.81, 10.36])
(u'2013-05-11', [49813.407003000015, 13.18, 245.0, 0.56, 4.83, 1010.93, 0.78, 6.04, 7.06, 13.18])
(u'2014-01-18', [58633.4839962, 9.99, 143.0, 0.35, 4.34, 991.61, 0.83, 7.47, 7.58, 9.99])
(u'2012-01-23', [6420.5889977, 8.4, 273.0, 0.36, 3.89, 1018.88, 0.78, 1.94, 3.46, 8.4])
(u'2013-09-22', [49646.826998100005, 18.84, 253.0, 0.69, 1.96, 1027.75, 0.9, 13.03, 14.25, 18.84])
(u'2013-08-19', [41085.03999869999, 22.02, 292.0, 0.27, 3.25, 1019.36, 0.59, 12.16, 12.68, 22.02])
(u'2013-03-23', [72746.35999489999, 3.06, 75.0, 0.85, 6.42, 1009.85, 0.92, 0.14, 0.92, 1.45])
(u'2013-01-05', [64568.032996599984, 10.66, 251.0, 0.72, 3.15, 1035.16, 0.92, 6.91, 7.84, 10.66])
(u'2014-02-08', [58297.70499879999, 9.13, 207.0, 0.47, 8.53, 979.25, 0.77, 6.69, 6.81, 9.01])
(u'2012-10-13', [53122.37200110002, 11.53, 252.0, 0.29, 2.18, 1004.92, 0.84, 2.81, 6.41, 11.53])
(u'2013-12-02', [57622.56899459998, 9.42, 50.0, 0.86, 1.36, 1033.95, 0.79, 6.34, 6.59, 9.42])
(u'2013-03-10', [69642.1079954, 3.45, 39.0, 0.81, 5.05, 1005.94, 0.82, -0.4, 1.23, 3.37])
(u'2012-04-06', [14166.792006100004, 12.28, 321.0, 0.35, 2.48, 1016.01, 0.65, 7.92, 0.34, 12.28])
(u'2013-10-19', [50000.52899939999, 17.52, 182.0, 0.52, 3.06, 1005.58, 0.91, 13.18, 13.21, 17.52])
(u'2012-09-01', [39517.012, 20.53, 236.0, 0.55, 2.53, 1026.14, 0.72, 12.57, 13.11, 20.53])
(u'2013-10-27', [52809.408997499995, 15.87, 225.0, 0.32, 7.05, 996.66, 0.81, 11.7, 11.66, 15.87])
(u'2012-07-11', [38083.199998500015, 18.75, 252.0, 0.48, 4.03, 1010.87, 0.79, 10.04, 12.07, 18.75])
(u'2012-12-30', [65610.104993, 10.9, 231.0, 0.37, 6.82, 1009.95, 0.77, 4.22, 5.44, 9.51])
(u'2012-04-09', [14258.770001300005, 10.81, 222.0, 0.72, 5.9, 997.57, 0.89, 5.94, 8.31, 10.81])
(u'2013-03-31', [64556.0200086, 4.96, 67.0, 0.4, 2.8, 1014.56, 0.68, 1.1, -1.54, 4.96])
(u'2014-02-05', [57543.54199840001, 9.64, 193.0, 0.73, 7.86, 982.2, 0.77, 7.01, 5.54, 9.64])
(u'2013-02-10', [74558.53700660002, 4.73, 129.0, 0.84, 4.86, 999.65, 0.93, 0.55, 1.06, 4.73])
(u'2012-08-18', [38142.671999800004, 29.86, 215.0, 0.23, 2.17, 1013.75, 0.59, 17.97, 20.54, 29.86])
(u'2013-07-24', [41762.479998, 26.24, 231.0, 0.34, 3.59, 1014.24, 0.67, 16.63, 15.59, 26.24])
(u'2012-06-07', [33597.3749925, 17.29, 183.0, 0.6, 4.24, 998.19, 0.86, 12.28, 12.6, 17.29])
(u'2012-05-22', [27028.490000299997, 24.43, 339.0, 0.47, 3.98, 1014.23, 0.75, 13.47, 11.44, 24.43])
(u'2013-05-26', [45997.98299279999, 18.82, 288.0, 0.34, 2.79, 1018.43, 0.55, 6.32, 6.24, 18.82])
(u'2012-11-23', [60900.30600259998, 10.7, 212.0, 0.38, 2.71, 1011.69, 0.89, 3.64, 5.12, 10.7])
(u'2012-07-03', [35671.760997900004, 18.81, 192.0, 0.78, 3.64, 1013.77, 0.9, 15.95, 15.43, 18.81])
(u'2014-01-07', [57479.25999030001, 11.38, 218.0, 0.59, 7.3, 1003.19, 0.78, 7.37, 8.98, 11.38])
(u'2013-12-16', [57067.84200300002, 12.89, 218.0, 0.88, 5.57, 1016.66, 0.89, 4.61, 7.95, 12.89])
(u'2013-05-03', [45108.18700220001, 19.71, 265.0, 0.34, 2.71, 1019.76, 0.56, 8.05, 4.48, 19.71])
(u'2014-01-08', [56131.36999839998, 11.62, 204.0, 0.5, 4.15, 1011.94, 0.85, 9.25, 7.37, 11.62])
(u'2013-08-23', [41079.6679953, 19.51, 310.0, 0.56, 2.57, 1010.79, 0.9, 13.18, 14.94, 18.51])
(u'2013-08-23', [41079.6679953, 26.03, 107.0, 0.11, 3.34, 1014.88, 0.75, 17.13, 16.34, 26.03])
(u'2012-10-25', [55168.22299660001, 13.61, 59.0, 0.81, 5.16, 1016.51, 0.91, 8.5, 10.09, 13.28])
(u'2012-10-25', [55168.22299660001, 10.11, 32.0, 0.7, 5.19, 1012.84, 0.79, 2.49, 4.19, 8.96])
(u'2012-10-01', [48239.184001999995, 16.24, 217.0, 0.61, 4.57, 1012.11, 0.89, 10.87, 12.37, 16.24])
(u'2012-04-12', [14596.467000299997, 12.13, 266.0, 0.32, 1.31, 1002.96, 0.77, 3.97, 3.68, 12.13])
(u'2012-02-24', [9249.623001300002, 14.43, 258.0, 0.6, 4.35, 1027.25, 0.83, 7.72, 9.55, 14.43])
(u'2012-09-17', [41370.940001300005, 18.72, 243.0, 0.55, 4.04, 1012.36, 0.71, 11.43, 13.29, 18.72])
(u'2013-06-09', [48900.165002400005, 14.17, 48.0, 0.89, 4.59, 1016.69, 0.72, 10.61, 10.29, 14.17])
(u'2013-06-25', [42825.05599659999, 18.76, 319.0, 0.42, 1.95, 1028.61, 0.57, 10.14, 11.26, 18.76])
(u'2012-01-31', [8070.391000799999, 2.13, 45.0, 0.55, 2.36, 1026.13, 0.84, -0.51, -0.54, 2.12])
(u'2012-12-20', [67630.95899929998, 9.57, 137.0, 0.76, 3.54, 1002.52, 0.96, 6.75, 6.53, 9.57])
(u'2013-11-11', [57109.0319992, 12.63, 185.0, 0.65, 3.65, 1022.52, 0.91, 9.79, 2.53, 12.11])
(u'2014-02-13', [56755.970000000016, 7.37, 240.0, 0.36, 5.83, 992.43, 0.68, 3.47, 4.09, 7.37])
(u'2013-07-10', [41692.4090008, 23.19, 41.0, 0.22, 3.88, 1025.5, 0.64, 11.99, 13.36, 23.19])
(u'2012-05-16', [23553.562998500005, 13.46, 283.0, 0.31, 2.65, 1025.11, 0.64, 7.11, 3.89, 13.46])
(u'2012-06-15', [28245.4629964, 17.59, 201.0, 0.47, 4.96, 1008.12, 0.78, 12.57, 12.91, 17.59])
(u'2011-12-26', [4182.788000900001, 12.91, 236.0, 0.81, 5.44, 1033.14, 0.84, 9.79, 9.82, 12.91])
(u'2012-03-29', [11490.510000299999, 19.16, 329.0, 0.19, 1.76, 1027.92, 0.61, 7.81, 6.89, 19.16])
(u'2014-01-14', [57586.03198870001, 6.82, 247.0, 0.29, 2.5, 1004.33, 0.81, 5.11, 2.05, 6.82])
(u'2011-11-24', [213.41199989999998, 12.93, 204.0, 0.41, 4.04, 1027.22, 0.89, 9.71, 8.56, 12.93])
(u'2013-09-21', [47219.28200010001, 18.18, 220.0, 0.56, 2.8, 1024.26, 0.87, 16.43, 10.33, 18.18])
(u'2013-04-30', [47582.5600032, 13.71, 42.0, 0.22, 2.84, 1024.5, 0.62, 4.42, 5.94, 13.71])
(u'2013-08-18', [43163.69700400001, 22.42, 240.0, 0.57, 4.45, 1009.48, 0.73, 12.68, 15.92, 22.42])
(u'2013-02-17', [65874.28299740002, 9.49, 102.0, 0.33, 2.79, 1021.74, 0.84, 2.02, 2.16, 9.49])
(u'2012-03-02', [10224.230000200001, 8.39, 84.0, 0.66, 2.11, 1025.57, 0.91, 7.06, 5.69, 8.39])
(u'2013-02-09', [70502.4570002, 3.68, 213.0, 0.7, 0.68, 1018.79, 0.86, 3.01, 1.58, 3.68])
(u'2013-03-11', [71182.8839987, 1.22, 47.0, 0.6, 8.17, 1007.26, 0.73, -1.89, -1.57, 0.04])
(u'2012-04-05', [14275.257998399999, 8.92, 53.0, 0.7, 4.6, 1018.58, 0.76, 0.34, 4.61, 8.92])
(u'2012-04-29', [23521.635998999995, 14.89, 74.0, 0.7, 4.98, 1004.79, 0.86, 8.68, 5.99, 14.89])
(u'2012-06-23', [35936.23599809999, 18.12, 231.0, 0.33, 5.55, 1019.39, 0.71, 11.65, 11.01, 18.12])
(u'2012-09-02', [42865.2129981, 18.35, 247.0, 0.56, 3.11, 1024.58, 0.87, 15.69, 12.57, 18.35])
(u'2013-10-26', [49944.5719998, 16.66, 215.0, 0.49, 6.35, 1004.52, 0.85, 11.66, 14.34, 16.66])
(u'2012-01-20', [6135.852998900001, 10.05, 266.0, 0.47, 6.18, 1019.26, 0.78, 8.68, 4.91, 10.05])
(u'2012-04-08', [14225.8859987, 13.08, 245.0, 0.72, 2.85, 1012.36, 0.81, 8.31, 6.52, 13.08])
(u'2014-02-04', [56043.7969914, 8.88, 172.0, 0.42, 5.3, 996.87, 0.75, 5.54, 4.22, 8.88])
(u'2013-12-05', [60576.4359997, 10.29, 262.0, 0.44, 6.12, 1023.72, 0.73, 2.73, 1.08, 10.29])
(u'2012-08-19', [40026.1819967, 28.88, 251.0, 0.21, 0.76, 1015.16, 0.72, 16.96, 17.97, 28.88])
(u'2013-07-27', [42765.64100250001, 27.28, 119.0, 0.26, 0.63, 1006.91, 0.68, 15.34, 14.82, 27.28])
(u'2012-06-06', [31933.458003, 18.13, 215.0, 0.52, 4.58, 1002.58, 0.82, 12.6, 12.52, 18.13])
(u'2013-01-30', [60862.89799169998, 12.56, 245.0, 0.44, 7.85, 1006.93, 0.77, 7.12, 7.51, 11.28])
(u'2013-05-25', [47784.38999629997, 14.87, 359.0, 0.32, 3.46, 1020.26, 0.67, 6.24, 5.64, 14.87])
(u'2012-11-22', [60824.75400690001, 13.09, 191.0, 0.54, 7.58, 1011.36, 0.81, 6.02, 6.56, 13.09])
(u'2013-07-11', [41310.229999999996, 21.69, 50.0, 0.37, 3.65, 1025.45, 0.64, 12.01, 11.99, 21.69])
(u'2014-01-04', [61162.9959947, 9.58, 203.0, 0.61, 4.46, 993.71, 0.84, 1.72, 4.06, 9.58])
(u'2013-11-08', [54583.0729956, 11.0, 235.0, 0.5, 2.0, 1005.53, 0.9, 3.28, 5.29, 11.0])
(u'2013-01-14', [72611.04999490002, 2.94, 251.0, 0.59, 2.08, 1011.47, 0.88, 1.23, -0.41, 2.62])
(u'2013-05-02', [46013.0669974, 16.96, 52.0, 0.2, 2.9, 1022.7, 0.43, 4.48, 5.43, 16.96])
(u'2012-07-10', [38256.10099860001, 17.46, 234.0, 0.55, 3.33, 1010.77, 0.84, 12.07, 13.28, 17.46])
(u'2014-01-09', [56509.66300439999, 12.01, 245.0, 0.39, 6.03, 1006.3, 0.77, 2.68, 4.86, 10.29])
(u'2013-08-08', [40482.3230019, 23.81, 237.0, 0.3, 1.47, 1019.26, 0.63, 15.68, 11.83, 23.81])
(u'2012-05-23', [26913.88799980001, 25.37, 343.0, 0.17, 2.18, 1022.31, 0.75, 15.36, 13.47, 25.37])
(u'2013-12-17', [58089.9820005, 7.4, 58.0, 0.6, 1.29, 1021.59, 0.9, 5.01, 4.61, 6.48])
(u'2014-02-14', [59450.89600440001, 12.02, 186.0, 0.67, 6.6, 990.31, 0.81, 8.21, 3.47, 12.02])
(u'2012-10-06', [49002.2810047, 14.89, 6.0, 0.4, 1.75, 1012.51, 0.83, 5.27, 7.61, 14.89])
(u'2013-03-07', [59173.37600129999, 9.63, 84.0, 0.68, 2.2, 996.96, 0.93, 8.19, 7.43, 9.63])
(u'2012-04-13', [14815.506003200002, 12.02, 9.0, 0.45, 0.65, 1005.09, 0.77, 5.67, 3.97, 12.02])
(u'2014-02-28', [1042.2659999000002, 7.35, 61.0, 0.67, 2.24, 998.92, 0.86, 3.05, 3.43, 7.35])
(u'2011-12-21', [4239.8509993, 12.14, 266.0, 0.67, 2.9, 1017.91, 0.94, 8.08, 5.93, 12.14])
(u'2013-06-22', [44909.71399780002, 17.54, 218.0, 0.67, 6.78, 1007.11, 0.81, 13.07, 12.01, 17.54])
(u'2012-01-30', [7627.2719990999985, 3.98, 28.0, 0.55, 1.54, 1026.05, 0.79, -0.54, 1.24, 3.98])
(u'2012-12-21', [64984.36200009999, 9.69, 240.0, 0.44, 3.21, 1009.54, 0.91, 6.04, 6.3, 9.69])
(u'2013-11-10', [59941.637003600015, 9.22, 301.0, 0.18, 2.61, 1015.79, 0.79, 2.53, 2.58, 9.22])
(u'2012-08-07', [39103.32900229999, 19.32, 239.0, 0.46, 3.83, 1019.52, 0.78, 14.84, 11.49, 19.32])
(u'2013-01-04', [62942.02999790001, 10.79, 266.0, 0.83, 4.28, 1037.15, 0.85, 8.07, 8.17, 10.17])
(u'2012-05-15', [26962.94099600001, 11.27, 300.0, 0.41, 3.89, 1015.41, 0.81, 3.89, 5.92, 11.27])
(u'2012-09-16', [43304.52600269999, 18.31, 232.0, 0.66, 3.88, 1013.26, 0.76, 13.29, 12.98, 18.31])
(u'2012-05-31', [29598.672998600003, 19.54, 267.0, 0.48, 4.31, 1018.59, 0.76, 13.98, 13.7, 19.54])
(u'2013-04-28', [53862.86400849999, 11.59, 233.0, 0.27, 3.27, 1017.0, 0.64, 7.98, 1.61, 11.59])
(u'2013-03-22', [65425.75599329999, 5.01, 89.0, 0.69, 7.92, 1009.8, 0.79, 0.95, 2.59, 5.01])
(u'2012-02-23', [9193.104002, 16.98, 256.0, 0.5, 4.73, 1022.96, 0.84, 9.55, 10.34, 16.98])
(u'2014-01-17', [56551.362998200006, 8.47, 201.0, 0.47, 4.68, 990.8, 0.87, 6.59, 6.43, 8.47])
(u'2012-09-03', [39822.2369969, 24.34, 291.0, 0.5, 1.15, 1025.68, 0.72, 13.71, 15.69, 24.34])
(u'2012-08-06', [39361.1099935, 20.95, 241.0, 0.41, 3.26, 1009.08, 0.77, 11.49, 14.77, 20.95])
(u'2014-02-15', [57670.666998700006, 9.9, 233.0, 0.35, 9.96, 988.63, 0.69, 2.34, 5.38, 9.9])
(u'2013-09-20', [45972.8519972, 18.41, 276.0, 0.51, 2.45, 1017.72, 0.75, 10.33, 9.84, 18.41])
(u'2012-03-03', [10559.852999499999, 14.29, 206.0, 0.55, 3.5, 1018.94, 0.82, 6.92, 7.06, 14.29])
(u'2012-10-15', [53856.7870026, 13.03, 220.0, 0.31, 2.97, 1002.67, 0.84, 9.81, 4.09, 13.03])
(u'2012-12-17', [66003.55199890002, 9.1, 230.0, 0.32, 3.79, 1001.69, 0.86, 5.04, 5.62, 9.1])
(u'2013-03-12', [69775.1109933, 3.86, 32.0, 0.54, 6.81, 1008.83, 0.63, 1.14, -1.89, 3.86])
(u'2012-04-04', [13499.7730018, 10.18, 100.0, 0.49, 1.03, 1006.81, 0.75, 6.51, 3.57, 10.18])
(u'2013-07-03', [43704.1829993, 19.69, 257.0, 0.83, 3.67, 1008.35, 0.79, 12.48, 14.31, 19.69])
(u'2012-06-22', [35143.52200230001, 17.53, 228.0, 0.54, 7.04, 1010.38, 0.78, 11.01, 11.44, 17.53])
(u'2011-12-20', [4181.2959978, 8.26, 279.0, 0.48, 4.25, 1015.09, 0.81, 5.93, 5.66, 8.26])
(u'2013-10-21', [49210.24999890001, 17.53, 194.0, 0.53, 4.81, 1005.88, 0.87, 16.32, 13.26, 17.53])
(u'2013-11-17', [61546.78399699999, 9.57, 23.0, 1.0, 0.87, 1024.24, 0.87, 8.08, 8.28, 9.57])
(u'2012-01-21', [6278.647999899999, 12.35, 270.0, 0.59, 7.17, 1012.5, 0.75, 6.0, 7.61, 12.35])
(u'2013-02-16', [63351.85499960001, 10.13, 190.0, 0.48, 1.11, 1023.52, 0.7, 2.16, 3.7, 10.13])
(u'2014-02-03', [56975.337999799995, 7.99, 139.0, 0.47, 4.92, 1003.89, 0.79, 4.22, 4.97, 7.99])
(u'2013-01-31', [61913.04899820003, 9.94, 243.0, 0.35, 7.3, 1012.39, 0.74, 5.24, 7.12, 9.94])
(u'2012-07-13', [38797.3339941, 19.26, 229.0, 0.58, 4.59, 1002.07, 0.83, 13.66, 14.21, 19.26])
(u'2013-01-15', [71281.06800380001, 2.38, 327.0, 0.58, 3.28, 1008.99, 0.85, -2.18, -0.83, 2.29])
(u'2012-05-04', [23376.228996100002, 9.02, 12.0, 0.78, 2.56, 1006.82, 0.86, 6.21, 7.38, 9.02])
(u'2013-11-09', [58648.9969986, 7.06, 236.0, 0.41, 1.9, 1006.05, 0.9, 4.79, 3.28, 7.06])
(u'2012-05-20', [30409.43200060001, 12.18, 20.0, 0.87, 4.33, 1010.67, 0.82, 9.32, 9.06, 12.18])
(u'2013-05-24', [51219.038994200004, 8.21, 301.0, 0.65, 2.24, 1009.4, 0.84, 5.64, 5.43, 8.21])
(u'2012-11-21', [62643.916999600006, 11.87, 197.0, 0.45, 2.82, 1007.68, 0.91, 6.06, 6.06, 10.8])
(u'2013-12-04', [58200.03499499999, 8.91, 276.0, 0.56, 2.87, 1029.19, 0.77, 1.08, 2.35, 8.91])
(u'2014-01-05', [64330.109001000004, 11.96, 192.0, 0.44, 4.4, 1000.02, 0.87, 8.78, 1.72, 8.78])
(u'2013-07-12', [41510.43300240001, 23.92, 54.0, 0.39, 1.84, 1025.08, 0.7, 15.01, 12.01, 23.92])
(u'2013-03-06', [58030.649989000005, 13.14, 77.0, 0.17, 2.41, 1000.69, 0.72, 7.43, 7.65, 13.14])
(u'2013-07-26', [41272.6160034, 26.19, 221.0, 0.37, 1.6, 1012.42, 0.62, 14.82, 15.26, 26.19])
(u'2012-06-09', [33429.132002499995, 17.92, 251.0, 0.38, 6.62, 1009.44, 0.61, 8.91, 11.02, 17.92])
(u'2013-08-25', [42626.035002900004, 22.74, 18.0, 0.5, 2.66, 1012.96, 0.83, 16.37, 13.18, 22.74])
(u'2013-08-09', [40622.9730012, 23.85, 261.0, 0.48, 3.0, 1018.82, 0.67, 14.1, 15.68, 23.85])
(u'2012-03-11', [11145.2880031, 15.55, 304.0, 0.38, 1.25, 1036.86, 0.81, 5.43, 6.82, 15.55])
(u'2012-10-27', [62372.85200099999, 7.68, 347.0, 0.39, 5.79, 1015.91, 0.79, 1.43, 2.49, 7.68])
(u'2012-10-07', [52299.8939994, 13.64, 337.0, 0.25, 0.4, 1021.29, 0.87, 9.49, 5.27, 13.64])
(u'2012-12-01', [72563.2909973, 5.73, 274.0, 0.31, 2.68, 1014.56, 0.88, -1.55, -1.35, 5.73])
(u'2012-04-14', [15362.4070013, 11.62, 38.0, 0.47, 3.41, 1007.83, 0.72, 3.3, 5.67, 11.62])
(u'2013-12-14', [59997.77899400001, 11.33, 218.0, 0.35, 5.45, 1022.45, 0.81, 8.11, 3.79, 11.33])
(u'2012-07-20', [39070.85600280001, 17.77, 340.0, 0.54, 1.52, 1016.21, 0.79, 11.83, 13.12, 17.77])
(u'2012-09-15', [40334.174000700004, 21.12, 247.0, 0.22, 2.87, 1017.25, 0.7, 12.98, 9.69, 21.12])
(u'2013-06-23', [48059.8720016, 16.51, 257.0, 0.7, 6.28, 1009.25, 0.76, 10.62, 12.62, 16.51])
(u'2013-03-09', [62758.577993599996, 8.01, 341.0, 0.84, 2.52, 1002.41, 0.9, 2.38, 3.88, 6.84])
(u'2011-11-25', [303.9929999000001, 13.03, 243.0, 0.48, 5.02, 1024.47, 0.79, 7.01, 7.46, 12.27])
(u'2011-11-28', [500.68599980000005, 12.58, 190.0, 0.56, 2.34, 1022.8, 0.86, 10.27, 1.31, 10.27])
(u'2012-07-01', [36555.652003400006, 17.88, 234.0, 0.31, 5.06, 1014.12, 0.7, 12.47, 11.01, 17.88])
(u'2013-12-30', [60284.85399840001, 10.22, 201.0, 0.55, 6.58, 1010.88, 0.83, 6.4, 6.4, 10.22])
(u'2011-12-30', [5098.1300013, 10.27, 260.0, 0.56, 3.71, 1016.85, 0.84, 6.77, 5.33, 6.99])
(u'2013-01-07', [64268.25500010001, 9.08, 206.0, 0.84, 3.27, 1026.88, 0.92, 8.19, 7.1, 8.56])
(u'2012-05-14', [25471.4079994, 11.41, 229.0, 0.43, 4.56, 1016.78, 0.8, 5.92, 6.94, 11.41])
(u'2013-02-22', [70207.881988, 1.36, 45.0, 0.81, 4.79, 1020.5, 0.63, 0.19, 0.2, 1.36])
(u'2012-05-30', [28805.458996499994, 24.11, 216.0, 0.4, 2.37, 1017.83, 0.72, 13.7, 12.5, 24.11])
(u'2012-02-22', [10049.214001100001, 10.47, 222.0, 0.78, 6.68, 1024.07, 0.84, 9.13, 7.48, 9.68])
(u'2013-04-29', [48768.2120002, 13.41, 266.0, 0.45, 4.51, 1016.36, 0.59, 5.94, 7.98, 13.41])
